  4.4519059e-001
 -8.6554906e-001
  4.0001172e-001
  1.9585175e+000
 -3.0054707e-001
  7.4344301e-001
  1.3530326e+000
 -3.9436604e-001
 -1.3342831e+000
  1.4923569e-001
  3.4474315e-001
 -4.4096273e-002
 -1.4081171e+000
  1.6076573e-001
 -1.2776099e+000
 -2.1680327e-001
  7.3926550e-001
  1.4955289e-001
 -4.2261079e-001
 -8.8931117e-001
 -2.6322004e-001
 -4.3328335e-001
  1.2015832e-002
 -1.6474473e+000
  2.1790854e-001
 -1.0136177e+000
  1.2253906e-001
 -1.1978672e+000
  3.4028960e-001
 -1.8639619e+000
 -2.0398578e+000
 -1.1645949e+000
  7.2647661e-001
  1.9279711e+000
 -1.7227698e-001
 -9.2377006e-001
 -5.5285227e-001
 -1.1967648e-001
 -1.2389734e+000
  1.0078632e+000
  2.2203666e-001
  4.2771899e-001
 -2.0386364e+000
  8.8244966e-001
 -5.4178060e-001
  8.8917574e-001
 -1.0482519e+000
 -1.4152973e+000
  1.9175264e+000
 -9.3610422e-001
 -2.1185650e+000
  2.6196871e-001
 -9.2930710e-001
 -5.1928619e-001
 -5.2935760e-001
  1.6234318e+000
 -7.2355260e-001
 -2.1271755e-001
  1.1454871e+000
  1.2528360e+000
 -2.3657291e-001
  3.6534477e-002
 -4.2316670e-001
  7.3610244e-001
 -1.6214734e-001
 -4.4958487e-001
 -9.9024855e-001
  9.9415233e-001
  4.5754666e-001
  2.5872703e-001
 -1.5425208e+000
 -1.0716714e+000
  3.2682361e-001
 -2.8149112e+000
  7.5563317e-001
 -1.4012249e+000
 -7.2038525e-001
 -2.7163595e+000
  1.4444140e+000
  7.2353268e-001
  1.0095932e+000
  9.7577505e-002
 -1.9010333e+000
  6.7765094e-001
  4.6073197e-001
 -8.1813799e-001
  4.5048205e-001
  5.5717763e-002
 -1.4271354e+000
 -1.8487322e-001
 -1.9204612e+000
  1.1132790e-001
 -1.1083010e+000
 -1.0403821e+000
  9.8069341e-002
 -1.4662135e+000
  3.4311781e-001
  9.6973869e-001
 -7.8946910e-001
  3.2244583e-001
 -2.7402173e-002
 -2.3090547e+000
 -5.3333940e-001
 -1.1741119e+000
  7.5309741e-001
  1.1828035e+000
 -3.5582125e-001
  9.6087275e-001
 -7.6774043e-001
 -1.1476151e-001
 -3.7858957e-001
 -1.1918300e+000
  5.8665900e-002
 -1.0941969e+000
 -4.3922446e-003
 -8.1832499e-002
 -9.1963200e-002
  1.2679488e+000
  3.8656562e-001
  4.8744185e-001
  1.9845344e-001
 -1.0530503e+000
 -5.8707708e-001
  1.5738546e+000
  3.3322334e-001
  2.3706177e-002
  9.3848347e-001
  8.1762574e-001
  2.9808491e-001
  9.1980378e-004
  1.1819555e+000
 -5.7622504e-001
  1.3613826e+000
  7.1410546e-001
 -7.3587567e-001
 -1.9683632e+000
 -3.8778135e-002
  1.0503787e-001
 -1.2395493e+000
 -1.8472740e+000
  1.2598964e+000
 -1.0365022e+000
 -1.5138251e+000
 -2.5777036e-001
  1.8847913e+000
  1.2128055e+000
  4.8783703e-001
 -6.7413302e-001
 -8.2503714e-001
  1.1607674e+000
 -9.6023072e-001
  9.5243676e-001
  1.0853483e+000
  4.8452164e-001
  4.2046348e-001
 -9.2580447e-001
  4.8333033e-001
  3.8207938e-001
 -8.3114318e-001
 -5.7431448e-001
  4.9898526e-001
 -9.2699398e-001
 -6.8955846e-001
  9.6704469e-002
  1.5815601e+000
  1.1655330e-001
  6.0778147e-001
  1.3328104e+000
  1.7268150e+000
 -1.0154642e+000
 -4.9309660e-001
 -5.0795439e-001
 -3.1090513e-001
  1.7711158e+000
  4.2615499e-001
  2.2190629e-001
 -1.0474809e+000
  1.3380987e+000
  2.8123884e-001
  8.4649640e-001
  5.3566937e-001
 -6.8012320e-001
 -1.3111911e+000
 -4.6075967e-001
 -3.0636384e+000
 -1.4371837e+000
 -9.5720844e-001
 -3.4367006e-001
  7.4820166e-001
 -2.0641633e-001
 -4.5503599e-001
  1.0685438e-001
  1.5039704e+000
 -1.4691028e+000
 -9.2873550e-001
 -1.6953219e+000
 -7.7509595e-001
 -1.8944782e+000
  2.3525384e-001
 -5.5891910e-001
 -2.9371468e-001
 -2.6314013e-001
 -7.7252978e-001
  9.1944724e-001
 -1.0785137e+000
  1.0700556e+000
 -1.2478842e+000
  1.5807126e+000
  3.2525397e-001
 -1.5683945e+000
 -3.1832005e-001
 -1.2611335e+000
  5.2599024e-001
 -2.2536941e-001
 -1.0041278e+000
 -1.3628124e+000
  1.0760358e+000
 -6.9723622e-001
 -5.7365931e-001
  9.7539848e-001
 -7.6716469e-001
  1.2855333e+000
 -5.7991320e-001
 -1.4941709e+000
  3.3897836e-001
  3.0484717e-001
 -1.3625608e+000
 -2.9073513e+000
  6.3700041e-001
  5.2773781e-001
  4.1563193e+000
 -8.3478904e-001
 -5.0122352e-001
 -3.9257001e-001
  2.9465727e-001
 -2.9843476e+000
  2.5741201e+000
  3.3439251e-001
  2.5202754e+000
  1.4454859e+000
  1.1447945e+000
  1.3377303e+000
  8.5227306e-001
  3.3349273e-001
  1.7589844e-001
 -9.8400754e-001
 -4.9096287e-001
  4.7363402e-001
  8.2752353e-001
  1.8559670e+000
 -7.2155173e-002
 -2.3665954e-001
 -4.0603459e-001
 -1.3583380e+000
  4.0072302e-001
 -5.0708160e-001
  1.1226274e-001
 -1.3075143e+000
  1.3527917e+000
  1.3049655e+000
 -5.0190494e-001
 -6.8713451e-001
 -3.8690608e-001
 -1.0169212e+000
 -4.4150512e-001
 -2.4259847e-001
  3.9575505e-001
  1.1496938e-001
  1.1691650e+000
 -1.2155424e+000
  1.8217471e+000
  9.0921731e-001
 -8.8479421e-001
  1.1745176e-001
  2.3503058e-001
  1.7405159e+000
  7.8859839e-001
 -4.0410400e-001
 -8.6402732e-002
 -4.9840002e-001
  2.9476486e-001
  7.8096848e-001
 -1.9418045e+000
  4.8898600e-001
 -4.0114860e-001
  5.0594831e-001
 -1.1648689e+000
  2.6242606e-001
 -9.8318790e-002
 -2.4053533e-001
  1.4496009e-001
 -2.3423529e-001
  2.0420732e-001
  9.7218510e-002
 -5.6258812e-001
 -3.6943263e-001
 -1.0843299e+000
  1.1578909e+000
 -3.7992991e-001
 -9.3711200e-001
 -9.4904979e-001
  2.3763951e+000
 -4.7086093e-001
  2.6885798e+000
 -1.3805345e+000
  5.1084060e-001
 -2.7674179e-001
 -6.3877048e-001
 -1.0132815e+000
 -5.3326018e-001
 -1.8899232e-001
 -1.1448848e+000
  9.3092020e-001
  1.8389857e+000
  1.1104215e+000
  6.0895563e-001
  6.7740310e-002
  1.6398035e+000
  1.8776583e-001
 -3.6589771e-001
 -5.9377084e-001
  5.8043539e-001
 -7.3768874e-002
  6.3241314e-002
  5.1850847e-001
  8.3108856e-001
  2.5537078e-001
  3.2267471e-001
 -9.1034375e-001
  7.4048131e-001
 -3.7790464e-002
 -3.9065745e-001
  1.6044582e+000
 -1.5664266e+000
  1.3959277e+000
  7.7015261e-003
  9.5773229e-001
 -5.4440688e-001
  2.0667502e-001
  1.7165754e+000
 -5.1355953e-001
 -2.6702525e-001
 -2.2209824e+000
  3.4807261e-001
  5.7112381e-001
 -5.4568859e-001
  1.1514869e+000
 -9.5186124e-001
 -1.4625515e+000
 -2.8531029e-001
 -1.8046236e+000
  5.9236916e-001
 -7.1351817e-001
 -1.5393058e+000
  6.7061823e-001
  1.3448276e+000
  1.4178523e+000
  5.6088224e-001
 -5.0479435e-001
  1.3843438e+000
  7.1738488e-001
  8.7935629e-001
  6.6963161e-001
  2.5002122e-001
 -7.6717199e-001
 -5.7079770e-002
  1.6794167e+000
 -1.6309560e+000
  6.6500890e-002
 -7.3004293e-002
  4.7524939e-001
  5.8279809e-001
  3.0314979e-001
  1.7615143e+000
 -9.2819947e-001
 -1.6220975e+000
 -1.9484958e+000
 -1.8213174e+000
  5.7738765e-001
 -1.0565230e+000
  1.1506192e+000
 -1.6878317e+000
 -1.2719652e+000
 -4.5562003e-001
 -4.6244312e-003
  4.3940325e-001
 -5.3290218e-001
  1.1340822e+000
 -2.2319814e-001
 -1.3221359e+000
  2.4212611e-001
  7.5813388e-001
 -2.5763484e+000
  4.0646370e-001
  3.4399970e-001
 -8.0012181e-001
  4.7075799e-001
 -1.2866377e+000
  1.6195731e-001
 -3.3910650e-001
 -4.4047990e-001
  5.9674466e-001
  1.0101916e+000
 -1.3161725e+000
  1.0741253e+000
 -1.2073370e-001
 -1.5795000e-001
  1.6569831e+000
  2.9559608e-001
  6.0368985e-002
  5.4795224e-001
 -1.4212995e+000
  7.2338980e-001
 -3.3669648e-001
 -3.7566458e-001
  2.5669062e+000
 -1.1590561e+000
 -9.5555578e-001
 -5.2963962e-001
 -7.9580541e-001
  6.1647674e-001
  7.2612610e-001
 -6.4914709e-001
  4.1471548e-001
  8.2840180e-001
 -3.3375284e-001
 -3.3042626e-001
  2.5399649e-001
 -4.8307215e-001
 -8.8779211e-001
  4.0698558e-001
 -1.6000025e+000
 -2.7312267e-001
  9.1244234e-001
 -3.7009881e-001
  2.5050908e-001
  9.6307199e-001
 -5.0536175e-001
  7.2464413e-001
 -1.3199699e-001
  3.2775261e-001
 -7.0690292e-001
 -6.3304308e-001
  6.2820011e-001
 -1.8506842e+000
 -1.4586428e+000
 -1.1441271e+000
 -1.3776052e-001
 -1.3510777e+000
 -1.2719647e+000
 -2.0902030e-001
 -1.1891859e+000
  2.4919398e-001
  1.0995391e+000
  4.1061973e-001
  5.7743746e-001
 -1.1339227e-001
 -4.2515029e-001
  5.3664804e-002
 -2.2547883e-001
  3.0214128e-001
 -2.8975110e-001
 -6.0157921e-001
 -6.0597053e-001
  1.6710308e+000
  3.4105767e-001
  8.2627145e-001
 -1.1902589e+000
 -4.5446855e-002
 -5.6756747e-001
  3.1754708e-002
  8.5874827e-001
  3.1584401e-002
  1.4480567e-001
 -2.8410562e+000
 -1.0813068e+000
  2.2192180e-001
 -1.1692897e+000
  7.1808954e-001
  8.3349770e-001
 -1.1603992e+000
 -1.5102582e+000
  1.3187719e+000
 -8.1990297e-001
 -3.4201480e-001
 -2.0494140e-001
  8.2779806e-001
 -1.1012513e-001
 -1.7650603e-001
  8.0860362e-001
 -5.7883395e-002
  7.2505819e-001
 -7.3181977e-001
  1.0669565e+000
  2.1655573e+000
  2.0810343e-001
 -2.0571435e-001
  9.1971196e-001
  1.4598071e-001
  2.6655562e+000
 -1.7758896e+000
  1.1535609e+000
 -5.9446568e-002
  1.3446608e-001
  1.3211476e+000
 -3.0477986e-002
  1.2221754e+000
  1.1251869e+000
 -2.6017073e-001
 -9.8078826e-001
  7.6608749e-001
 -1.8247583e+000
 -9.3984634e-001
  1.2619655e+000
  1.7040302e+000
 -2.3884028e-001
 -6.9894452e-001
 -3.2099898e-001
  6.1246876e-001
  6.3544702e-001
 -6.1485452e-001
 -7.0203822e-001
  6.1532834e-002
 -1.5674949e+000
  2.9803759e+000
  3.0629195e-001
  1.2789317e+000
  3.0223098e-001
  7.3361913e-001
  9.5199654e-001
 -7.9229916e-001
 -1.4941796e-001
  1.0030946e+000
 -2.5525835e-001
  1.8077144e-001
  7.5947027e-001
  4.6125355e-001
 -1.2734998e+000
 -8.8191946e-001
 -8.7165895e-002
 -1.0899113e+000
 -2.1817672e-001
  2.0670343e-001
  7.3548267e-001
 -9.5005609e-001
 -1.4981315e+000
 -4.2416730e-001
  1.1816168e-003
 -6.9256814e-001
  1.3899464e+000
  8.6973505e-001
  5.1388108e-001
 -8.9582537e-001
 -2.2508425e-001
 -2.3851813e-001
  2.9193298e-001
 -3.0368290e-001
  9.2873697e-001
  3.1675077e-001
  1.8851068e+000
  1.7127329e+000
 -9.8457946e-001
  1.2641538e+000
  7.7997596e-001
  1.0994710e-001
 -5.3969103e-001
  5.4737836e-001
  9.1370835e-001
  1.2309396e-001
 -1.1627543e+000
 -1.0454319e+000
 -8.3670990e-001
  1.2063278e+000
 -9.8918067e-001
 -2.5186776e-001
  5.8120355e-001
 -1.3863659e+000
  6.5059025e-001
 -1.0447131e-001
 -9.3054180e-001
 -1.1811440e-002
 -8.4569442e-001
 -4.2915338e-002
  1.8737298e+000
 -1.7041960e+000
  1.7593815e-002
  1.4013099e+000
  1.0270679e+000
  1.0765245e+000
 -1.0869137e+000
 -4.0378894e-002
 -1.3120772e+000
 -4.2141363e-001
 -1.5956607e+000
  1.8977167e+000
 -8.6083285e-001
  9.4107836e-001
 -1.0271554e+000
 -8.2861440e-001
  6.0059605e-002
  4.2677130e-001
 -4.9031202e-002
  7.9186999e-001
 -2.0973809e-001
  1.7083870e+000
 -1.6959736e-002
  1.2752578e+000
 -5.2762863e-001
 -2.6234441e+000
  2.2357195e-001
 -7.2911441e-001
 -3.9918069e-001
 -2.1005118e-001
 -7.5098810e-001
  1.6180148e-001
 -1.8861928e+000
 -3.8909224e-001
  2.6445368e-001
 -9.3395897e-001
 -1.1556180e+000
  1.2348917e+000
 -9.1071845e-001
 -1.6472954e+000
  1.0765989e+000
 -1.2376800e+000
  1.0300890e+000
  1.2364924e+000
  4.6827288e-001
  3.4405046e-002
 -6.5811167e-001
 -5.4453487e-002
  3.0629073e-001
 -1.1223095e+000
 -5.1232667e-001
 -9.0748405e-002
 -4.1491757e-001
  7.2489670e-001
 -7.2547784e-001
  7.0817922e-001
  3.7945030e-001
  6.0403395e-001
 -8.6119671e-001
  1.3929767e+000
  7.2423947e-001
 -1.5856885e+000
  1.0274798e+000
 -1.4638248e+000
 -9.8161607e-001
  3.0510292e-001
  1.0935965e+000
 -1.4481717e+000
  8.5478694e-001
  7.9257725e-001
 -2.7867665e-001
 -1.0347083e+000
 -6.0437132e-001
  8.9508240e-001
  1.5242182e+000
  1.7509502e-001
  1.9548830e-002
 -4.5631328e-001
  1.7284248e+000
  9.5970534e-001
 -4.7274552e-001
 -3.7536274e-001
 -1.1297468e+000
  2.1713176e+000
 -1.7975083e-001
  4.1036529e-001
 -6.4153787e-001
  2.4614592e-001
  1.6980640e+000
  1.7895370e+000
 -1.2189717e-001
 -1.4294090e+000
 -1.9591576e+000
  6.7849249e-002
  3.4951939e-001
  1.0990370e+000
 -1.4029448e-001
 -1.4896638e+000
  8.7598683e-001
 -1.5612212e+000
 -1.1804535e+000
 -1.3098591e+000
 -6.4758219e-002
  8.9774639e-001
 -3.3712697e-001
  2.9589419e+000
 -1.5955748e+000
  1.4667858e+000
  7.5835964e-001
 -5.9538102e-001
  2.6102217e-001
  6.4371160e-001
  2.3770683e-001
  1.2345215e+000
  1.5748059e-001
  7.7248059e-001
 -1.8082808e-001
  6.7407508e-001
  1.0246698e+000
  7.5707533e-001
  7.2017745e-001
  2.8226059e-001
  8.0311171e-001
 -3.6084807e-001
 -1.3863840e-001
  2.8565028e-001
 -1.1566976e+000
 -1.3220059e+000
 -1.6449568e+000
  5.5088230e-001
 -4.5250315e-001
  1.3588256e+000
 -1.8909352e-001
 -1.0484983e+000
  2.9430165e-001
 -1.9841639e-001
 -7.5678288e-001
 -1.6946132e+000
 -1.1977948e-001
  2.6061493e+000
 -5.6622083e-001
 -3.7808232e-001
  1.0980969e+000
 -2.1375179e+000
  5.2730069e-001
 -3.1473636e-001
 -1.0440415e+000
 -2.1999090e-003
  1.0652183e-002
 -1.1603585e-002
 -1.9399410e+000
 -2.2249981e+000
  1.1928298e+000
 -2.5212191e+000
  2.1787443e+000
 -1.2424727e+000
  1.6254748e+000
 -7.8871483e-001
 -3.8849612e-001
  1.9418488e+000
  7.4560541e-001
 -6.3518638e-002
  1.3216411e+000
 -4.3052550e-001
  1.6231893e+000
 -1.8773574e-001
  2.6382637e-001
 -4.3530046e-001
  2.6446975e+000
  3.9580195e-001
 -5.7556466e-001
  5.3687558e-001
 -2.7160616e-001
 -6.3707930e-001
 -4.3624492e-001
  6.4205343e-001
 -2.7109452e-001
  6.5232764e-003
  5.6425515e-001
  9.8453356e-001
 -1.3551961e+000
  7.8053378e-001
  1.6172631e+000
 -7.8815408e-001
  1.2531671e+000
 -1.1681967e-001
  1.4805631e+000
  2.1152413e-001
  6.5049238e-002
  4.4995980e-002
  1.0882679e-002
  5.0320116e-001
  9.0852392e-001
 -7.4840354e-001
  3.5155999e-001
 -1.5703747e-002
 -4.1406065e-001
 -3.1245233e-001
 -1.0222352e+000
  1.7765261e+000
 -1.3078500e-001
  1.2761556e+000
  2.0017323e-001
 -1.5447438e+000
  7.0326932e-001
  7.2020081e-001
 -5.0212907e-001
 -1.0603046e-001
 -2.3373967e+000
 -3.8879295e-001
  2.4161021e+000
  6.8859362e-001
 -1.8749918e+000
  1.4137778e-001
  6.1533911e-001
 -5.8170770e-001
  1.1490776e+000
  1.1629531e+000
 -8.3279448e-001
  2.4299080e-002
 -7.5809208e-002
  1.2203531e+000
  1.0694589e+000
 -8.9281297e-002
  3.3922183e-001
  2.2900564e-001
 -5.5938567e-001
 -9.3300420e-001
 -1.1252310e+000
  5.4665666e-001
  3.5224756e-001
 -1.7483562e-001
  8.6080039e-001
 -1.2286999e-001
  3.6842720e-001
  4.1224968e-001
  3.1070575e-001
 -4.7132364e-001
 -2.3686626e-001
 -7.6446156e-001
 -2.9993479e-001
 -9.1956512e-002
  3.6304827e-001
  4.6825612e-001
  9.0551947e-001
  3.4860837e-001
 -3.9832155e-001
 -9.0482789e-001
 -2.4354968e+000
 -8.1079935e-001
  5.4397487e-001
 -2.9678851e-001
  7.7632196e-001
 -9.7464534e-001
  6.9611618e-001
 -4.9148652e-001
  1.9342817e+000
  8.2452447e-001
  4.6959926e-001
  5.4628128e-001
  4.5506421e-001
 -1.1177697e+000
  3.2811163e+000
  8.1731383e-001
 -1.2785977e-001
 -1.2000541e+000
 -3.2947854e-001
  5.5421362e-001
  1.7514023e+000
  6.5540448e-001
  3.4302438e-001
  3.7609350e-001
  8.3704433e-001
  1.0419218e+000
  5.2961886e-001
  1.5031395e+000
 -1.1836261e+000
  7.4231768e-001
  1.8440733e+000
 -1.4617422e-001
  9.5494176e-002
  3.5564734e-001
  1.4295478e-001
  1.2176259e+000
  6.2653393e-001
  5.4746165e-002
  1.5445690e+000
  1.2187298e+000
  1.7178780e+000
 -1.6216991e+000
 -4.9226102e-001
 -3.2834473e-001
 -8.7376750e-001
 -2.7257715e-001
  5.8361853e-001
  1.7216102e+000
 -2.5472318e-001
 -1.8070234e+000
  5.1925437e-001
  1.0891218e-001
 -3.1294611e-001
  5.6613178e-001
  1.0567878e+000
 -7.2174636e-002
  7.4759271e-001
  4.9241819e-001
 -1.5988936e-001
 -8.5046401e-001
  1.5410810e+000
  5.9576856e-001
  1.8673261e+000
  5.0471396e-003
  2.7322862e-001
 -9.2202843e-001
  1.6290403e+000
 -2.7942830e+000
  9.2412115e-001
 -2.6980284e-002
 -1.3657761e-001
 -9.0898495e-001
  2.2485593e+000
 -1.0439692e+000
  1.6712817e+000
 -1.1934019e+000
  1.4307603e+000
  1.9584067e-001
  2.0969314e+000
 -5.9730511e-002
 -1.8252954e+000
  6.0103247e-001
 -1.7074122e+000
  6.0188810e-001
 -1.5032886e+000
  2.1373684e-002
 -5.4709690e-001
 -4.6654500e-001
  9.8691343e-001
  1.2311021e+000
  6.6876019e-001
 -3.6667187e-001
  3.6917765e-001
  4.1390724e-001
  1.4037360e+000
  3.4669002e-001
 -1.9570605e+000
  3.8100394e-001
  3.2646078e-001
  1.5755292e+000
  4.4070267e-001
  4.5481983e-001
 -1.8292699e-002
  9.6758092e-001
  1.0123258e+000
  1.2117819e+000
  3.1578918e-001
  2.8517098e-001
  2.0779641e+000
 -2.0214551e-001
 -1.7940364e+000
  2.2010119e-001
  1.2957914e+000
 -5.1740144e-001
 -8.6804861e-001
 -1.0257230e+000
 -7.8420529e-001
 -4.9735377e-001
  7.5935866e-001
 -5.6273390e-001
  1.9043977e+000
 -8.1996161e-001
 -2.5710780e+000
  6.6100317e-001
  1.0907787e+000
 -1.7024866e+000
 -1.6435361e+000
 -9.5913640e-001
  2.6758438e-001
 -1.1622056e+000
 -1.2090123e+000
 -1.0834210e+000
 -7.3235594e-001
  1.2357523e+000
  1.2685253e-001
  7.4812750e-001
  4.1165151e-001
 -6.7876314e-001
 -5.7714822e-001
 -4.0694946e-001
 -9.5534426e-001
  3.7715453e-001
 -1.4154060e+000
  5.4254359e-001
 -8.3189931e-001
  2.1234716e-001
  1.5191056e+000
 -8.2649156e-001
 -6.1782174e-001
  6.5293912e-001
 -8.5181861e-001
  4.8585928e-002
 -1.5355981e+000
 -6.3230962e-001
 -1.9373331e+000
  1.0669184e+000
 -8.9035828e-001
 -2.2514349e-001
 -5.4451985e-001
  1.7060400e+000
  1.5124670e+000
 -9.2945565e-001
  5.8401790e-002
  9.9951096e-001
  1.2818705e+000
  6.9568042e-001
  1.3052854e-002
 -1.9029760e+000
 -1.7436893e+000
  7.9380178e-002
 -1.0052550e+000
 -1.0900968e+000
  1.4033706e-001
 -1.0520892e+000
  2.7497533e-001
  1.0924652e+000
  1.1136049e+000
  6.3963507e-002
  7.4756159e-002
  1.1229052e-001
 -2.9840811e-001
 -2.6523502e+000
  8.5374416e-001
  1.8613595e+000
  6.5680285e-001
 -4.3084200e-002
 -1.5482947e+000
  2.8932606e+000
  4.8603638e-001
 -9.1795518e-001
  1.1262795e-001
  7.2407407e-002
  1.2593634e+000
 -1.1962555e+000
  3.8089456e-001
  6.0710964e-001
  2.1136729e+000
  2.1906993e-001
  7.1628845e-001
 -1.2370097e+000
  1.2690927e+000
  5.3303640e-001
 -1.0225939e+000
  6.6182904e-001
 -5.2519185e-001
  1.5870843e+000
 -7.1605216e-001
  6.5932439e-001
 -1.5746959e-001
  1.4130608e-001
 -1.3217786e+000
 -4.6928981e-001
 -5.7801455e-001
 -7.0933673e-001
 -1.9013620e-001
 -1.3426091e-001
  1.9145046e+000
  5.8051757e-001
 -1.8415904e+000
 -3.3008784e-001
 -2.2654160e-001
  6.7357119e-001
 -4.9755583e-001
 -2.7054910e-001
  2.6811488e-001
  1.0166455e+000
 -2.1961590e+000
 -3.6580290e-001
 -6.1683087e-001
  4.2959847e-001
  6.9202904e-001
  7.6387154e-002
  2.0993718e-001
  1.0083241e-001
  1.1978631e-001
 -9.5062565e-001
 -9.7008970e-001
 -2.7822781e-002
 -3.5577827e-001
  2.7153954e-001
  3.4679950e-001
  3.4499188e-001
 -1.8085157e+000
 -2.7356963e-001
  9.9220496e-001
 -9.9644759e-001
 -1.8523584e+000
  6.4738440e-001
 -4.3100974e-001
  2.1040073e-001
  1.7840634e+000
 -5.0719948e-001
  6.1614711e-001
 -2.1288498e-001
  1.4204071e+000
 -5.0064094e-002
 -8.8787154e-001
 -2.4007871e+000
 -2.7856218e-001
  1.3322253e-001
 -6.6427695e-001
  3.6804418e-001
 -2.2243384e-001
  4.1000760e-001
 -4.8302398e-001
  5.2807173e-001
 -3.7228061e-001
  2.8880905e+000
 -6.5514612e-001
 -4.8875178e-001
  2.4074485e-001
  4.6998095e-001
  1.7903034e+000
  1.6119535e+000
  4.2587999e-001
 -1.9558850e-001
 -3.6332616e-001
  1.5842218e+000
 -1.4889478e+000
 -1.0848908e+000
 -9.0362749e-001
  1.0847586e+000
  1.1287688e+000
 -2.0299555e-001
 -7.1151122e-001
  2.2230487e-001
  1.3997695e+000
 -2.1365034e-001
 -7.2244314e-001
  2.8023222e-001
  2.7175489e+000
  1.5042562e+000
 -4.6422259e-001
  6.7192723e-001
  5.8957699e-001
  2.3677687e+000
 -8.2960114e-001
  6.3202735e-001
 -2.3437585e-001
 -9.1297030e-001
  1.4055523e-001
  6.5657075e-001
 -8.4035309e-001
  6.3085266e-001
  7.2226408e-001
  1.7404468e+000
 -2.9274675e-001
  1.3939804e+000
  9.4959113e-001
  8.4619424e-001
  3.1373168e-001
 -1.3974946e+000
  7.2611146e-001
  2.1347647e-001
 -1.1601087e+000
 -1.0110690e+000
 -9.5764544e-001
 -8.9573822e-001
  4.2242023e-001
 -4.4539805e-001
 -5.9908145e-001
 -1.3803381e+000
  2.2905771e-001
 -1.1747555e+000
 -8.5694016e-001
  4.3167853e-001
  9.8398182e-001
  1.3386521e+000
 -1.0057830e+000
 -1.1714469e+000
  3.3611267e-001
  2.1854090e+000
 -1.6417482e+000
  8.9127382e-001
  1.1187846e+000
 -2.1811164e-001
  3.2254134e-001
  4.3373480e-002
  5.0364820e-001
 -4.5853068e-001
 -1.4692466e+000
  1.4654772e+000
  2.7901830e-002
  5.6181512e-002
  1.0371847e-001
  3.9478987e-002
  1.4725382e+000
  1.0438410e+000
 -1.0605619e+000
  1.3429453e-001
 -3.0269769e-001
  3.5364534e-001
  7.2813075e-001
  1.0689252e+000
  9.8357736e-001
  8.2618495e-001
 -1.3303586e+000
 -1.7064081e-001
 -1.1569941e-001
 -1.4403404e+000
 -1.5609038e+000
  1.9745530e+000
 -5.7652769e-001
  1.2851761e+000
 -1.1627793e+000
  7.0932338e-001
 -1.1522608e+000
 -1.3126463e+000
  1.6530447e+000
  1.1759465e-003
 -7.5777631e-002
  7.8413830e-001
  4.2508749e-001
  3.2196054e-001
  6.8499144e-001
  2.7296780e+000
  1.6853862e-001
 -1.9162435e-001
 -1.2312277e-001
  9.2453294e-001
  1.4327736e+000
 -3.6098440e-001
  1.0669685e+000
  3.6762955e-001
 -2.2957455e+000
  6.1719156e-001
 -1.7218369e+000
 -7.9619254e-001
  5.5801112e-001
  1.1364375e+000
 -1.8404232e+000
  9.0716859e-001
 -6.3296698e-001
  1.8497260e+000
  3.3485536e-002
  5.5380858e-001
  3.5743710e-001
  5.7927677e-001
  1.2568326e+000
 -4.0433975e-001
  5.1000228e-002
 -3.0828781e-001
  2.0713580e-002
  8.0675688e-001
  1.0626977e+000
 -2.2906279e+000
 -4.9116806e-002
 -1.3724486e+000
 -1.6756737e-001
 -8.8339901e-001
  1.1073499e-001
  1.2176038e+000
 -5.5538253e-001
 -7.4656536e-001
  1.5759462e-001
 -1.5901162e+000
  9.4000525e-001
 -2.1986996e+000
  1.4675785e+000
  4.3969607e-001
  8.0248092e-001
 -7.7273537e-001
 -5.3142419e-001
 -4.6037813e-001
  8.1105673e-001
  1.8090966e+000
  1.8481974e+000
 -1.2716820e-001
 -5.3402439e-001
 -1.0548058e+000
  8.7499711e-001
  1.1009812e+000
  1.0803547e+000
  7.7449160e-001
 -1.0221038e+000
 -2.2278915e-001
 -5.2915039e-001
  7.4022487e-001
 -1.1161478e+000
 -4.2364891e-003
  2.7440916e-001
 -5.6102308e-001
 -3.0980776e-001
  5.8994547e-001
  3.3035448e-001
 -1.1198082e-001
 -2.7606794e-001
  3.8017794e-001
 -1.5101201e-001
  8.3228321e-001
 -1.1920957e+000
  1.3228958e+000
 -2.0569861e-001
  1.2447970e+000
  2.9494070e-001
  6.8422986e-001
  4.7842697e-001
  4.9078542e-001
  1.2115901e+000
 -1.0863336e+000
 -1.9712276e+000
  3.9071145e-002
 -2.0164611e-001
  7.1991429e-001
  3.6196169e-001
 -2.9379659e-001
  6.1282629e-001
  3.0013525e-001
  1.9741205e+000
  2.0619058e+000
  7.0336551e-001
 -7.4218614e-001
 -1.4538267e+000
  4.5500357e-001
 -1.2943975e-001
  1.6401083e+000
  2.7177219e-001
  2.3350211e-001
 -6.3328988e-001
 -9.2721996e-001
 -1.0604771e+000
  9.0669143e-001
 -4.4755275e-001
  1.2456723e+000
 -3.1210210e-002
  1.9225881e-001
 -2.6921393e-001
  1.1998761e+000
  4.5524214e-001
 -3.4639865e-001
  1.5315946e+000
 -7.4617520e-001
  2.2478500e+000
 -5.0088674e-001
 -3.4704262e-001
  9.3376218e-001
 -3.1563985e-001
  5.0826958e-001
  6.3451093e-001
 -7.8149668e-001
  7.1884804e-001
  1.3942152e+000
  5.0040338e-001
 -7.3363082e-001
  9.2686345e-001
  7.0456879e-001
 -1.5866939e-001
 -1.3585167e-001
 -8.3872084e-001
 -1.6769007e+000
  7.7777465e-001
 -1.5014705e-001
  1.4683010e-001
 -1.2118827e+000
  2.2627100e+000
  8.2937969e-001
  1.0905945e+000
  3.4100844e-001
 -4.0453478e+000
  3.5441310e-001
  1.3205971e+000
 -1.6200107e+000
  1.8886367e-002
  7.3509596e-001
  2.5673574e-001
  2.2946668e+000
 -6.4979961e-002
  1.6262319e+000
  9.4768905e-001
  5.8468469e-001
 -9.7615795e-001
  9.5770844e-001
 -3.0933367e-001
 -1.4105231e+000
 -1.8804966e+000
  1.5176813e-001
  1.8227661e-001
  1.4049488e+000
  2.7708926e+000
 -1.8219590e-001
 -5.2436599e-001
 -3.3255400e-001
  1.3573284e+000
 -9.0968618e-001
 -1.1482265e+000
 -1.6203364e-001
  4.1554369e-003
 -5.6128292e-003
  2.0093040e+000
  6.4412043e-001
 -9.0905287e-001
  3.7093520e-001
  1.2696216e+000
  1.0124630e+000
  7.2116041e-001
  1.4597149e+000
  8.6470854e-001
  8.6302025e-001
 -2.2467404e+000
  2.5828192e-001
 -1.4828251e+000
  4.7140587e-001
 -3.1577065e-001
  1.6032630e+000
  5.2731948e-001
 -3.2659317e-001
  3.2718409e-001
 -1.1059145e-001
 -1.7791687e+000
  2.3186765e+000
 -5.9710086e-001
  1.2460764e+000
  4.7373890e-001
 -1.2622178e+000
 -1.4166846e+000
  6.3835535e-001
  2.3858247e-001
 -1.4587980e-001
 -1.8483057e-001
 -9.9444722e-001
  7.3202492e-001
 -2.0099457e-001
  4.2448786e-001
  1.2102147e+000
  1.2463767e+000
 -2.3222096e+000
  1.6264401e+000
 -2.0313949e-001
  9.9501438e-001
  8.9986658e-001
 -1.5342754e+000
 -1.2189775e-001
 -1.9066827e+000
  1.3254412e+000
  2.0989877e-001
  2.2886576e-001
  7.8426678e-001
 -1.5324792e-001
 -1.1369924e+000
 -1.2243905e+000
  6.1600098e-002
  5.0008706e-001
 -4.2040021e-002
  3.0149341e-001
 -2.2053980e+000
 -9.4127326e-001
 -1.6612683e+000
 -9.2342244e-001
 -1.3279796e+000
 -9.1985377e-001
  5.5817326e-001
  6.8272317e-001
  1.9190913e-001
  1.2828545e+000
 -3.8950098e-001
  1.7008923e-001
 -2.2815161e-001
 -8.1852156e-001
  1.5548938e-002
  1.2566182e+000
 -1.3580857e+000
  8.7003937e-002
  2.5086823e-003
  7.7133226e-001
  1.5863091e+000
 -3.0192921e-001
  3.5128661e-001
  1.5540443e-001
 -8.3115086e-001
 -7.8065111e-001
  4.6375112e-001
  2.1942048e-001
 -1.6399031e+000
  2.0142129e+000
  3.2381020e-001
  1.3578002e-001
  8.9227095e-001
  8.9261415e-001
 -1.4011166e-001
  6.4050715e-001
  2.0706042e-001
  7.3197282e-001
 -8.9635083e-001
  9.5341267e-001
  8.2323257e-001
  7.3205701e-001
  2.0296348e+000
 -5.2100364e-001
  6.4196060e-001
 -1.0208092e+000
 -1.3201600e+000
  1.9003711e+000
 -2.1277120e-001
  9.0819104e-001
  8.4488510e-002
  1.6779039e+000
 -5.5778869e-001
  1.1525916e-002
 -3.5327009e-002
  1.3190640e+000
  2.6565920e-001
 -2.6629941e-001
  8.2250899e-002
 -5.1438305e-001
 -8.6003241e-001
  2.0559810e+000
 -1.0562765e+000
  8.0843738e-001
 -7.2585892e-001
  3.9167826e-002
  9.9219240e-001
  1.2050766e+000
  3.0604585e-001
 -4.9908707e-001
  3.8671570e-001
  8.8661694e-002
  2.0446174e+000
  4.0707787e-001
  2.2222642e-001
  5.9397104e-001
  1.5581352e+000
 -6.4102385e-001
 -9.7630258e-001
 -4.2123933e-001
  1.4054253e-001
 -2.3264809e-001
 -6.8872091e-001
 -9.7431795e-001
  3.4629841e-001
 -9.0708528e-002
 -1.3650470e+000
 -4.9742693e-001
 -1.2580377e+000
 -3.9568172e-001
  1.4543544e+000
 -5.7069714e-001
  5.0787019e-001
  5.3910587e-001
  3.2653571e-001
  2.8894868e+000
 -1.2813024e+000
 -2.4912290e-001
 -8.4711318e-001
 -1.5598961e+000
  7.9945222e-001
  1.2641589e-001
 -3.4335143e-001
 -3.3262379e-001
 -8.7666931e-001
 -1.4293607e+000
 -2.2878738e-001
  7.2369116e-001
 -4.2095447e-001
 -1.2937754e+000
 -8.5329590e-001
  4.7783006e-001
  1.4555885e+000
 -3.9784584e-001
  1.5203670e+000
 -1.5685950e+000
  1.7319837e+000
  4.2900257e-003
  1.0286267e+000
  6.3696056e-001
 -5.7769405e-001
 -2.0018466e-001
 -9.1869771e-001
 -2.5203141e-001
  9.5896997e-001
  2.0938267e-001
  6.1535730e-001
 -1.2184018e+000
 -1.2317777e+000
 -1.4906721e+000
 -1.1076126e+000
 -1.0683656e+000
 -9.5804057e-001
 -1.8574376e+000
 -1.1984685e+000
  1.7342973e+000
  5.7569262e-001
 -7.9282685e-001
  1.0650530e-001
 -5.6331309e-001
  2.1910363e+000
 -8.7960337e-001
  1.6601827e+000
 -1.4332412e+000
 -7.4409161e-001
  1.3070560e-002
 -6.3508901e-001
  1.8953719e-001
  9.9279491e-001
  3.9211424e-002
 -6.7910894e-001
 -3.0240879e-001
 -2.9501626e-001
  9.1457685e-001
 -1.4676974e+000
  1.6593589e+000
 -1.7987891e-001
  2.0532876e+000
 -1.2306868e+000
  3.5661902e-001
  2.0096370e-001
 -1.4871037e+000
  1.6622459e+000
 -2.9545010e-002
 -6.8536039e-002
  5.1752293e-001
  1.5244647e+000
 -9.6105966e-001
  1.6881201e+000
  3.8105711e-001
  3.4762469e-001
  1.2009563e+000
 -2.5949181e-001
 -1.1955793e+000
 -4.4361257e-001
  1.1139443e+000
  1.3508312e+000
 -8.9765945e-001
  8.4734997e-001
  2.7828653e-001
  5.4460180e-001
 -5.0857566e-001
 -7.0510463e-001
 -1.2545098e+000
 -1.5423758e+000
 -6.6414528e-001
  1.2509184e-002
 -1.0581850e+000
  1.2203883e+000
 -7.4813454e-001
  1.7744007e+000
  6.8442118e-001
 -4.9811454e-001
 -5.0341333e-001
  2.2073143e+000
 -9.6580170e-001
  3.0904491e-001
 -5.0653759e-002
  1.2930191e+000
 -4.0244327e-001
 -6.0237792e-001
 -2.6031634e-001
  1.0016689e-002
 -1.7214570e-001
 -7.4904898e-001
 -1.4143722e+000
 -1.1315592e+000
 -7.4528749e-001
  1.3531021e+000
 -6.0642296e-001
 -9.2192723e-002
  9.2235883e-001
  1.5758540e+000
 -8.5013221e-001
  9.4434840e-001
  1.6830147e-001
  4.5406826e-001
 -4.4340674e-002
 -9.9513747e-001
  6.7601743e-001
  3.5337904e-001
 -1.0905223e+000
 -6.3199622e-001
 -3.8203024e-001
  7.0814288e-001
  1.9710898e-001
 -1.7380393e-001
 -9.0376184e-001
  4.4580398e-001
  6.0555188e-003
 -8.3164076e-001
  5.9673461e-001
 -3.2829792e-001
  3.6325110e-001
 -3.4961682e-001
  3.6052635e-001
  6.2224171e-003
 -1.9601910e-001
  2.0113338e-001
  9.9848227e-001
  8.9903152e-001
 -9.9154901e-001
 -1.2193476e+000
 -3.7820726e-001
  1.1400439e+000
  1.6210265e+000
  1.0952667e+000
 -1.3344149e+000
  5.8629486e-002
 -3.2423607e-001
 -6.9690460e-001
 -1.7923271e+000
  2.0934440e-001
  3.8794630e-002
 -5.9084880e-001
  1.7945926e-001
  1.0642911e+000
  7.9196838e-001
 -4.9396588e-001
 -1.4887808e+000
  5.0799249e-001
  1.9437912e+000
 -1.0001606e+000
 -3.1296795e-001
 -3.0187102e-001
  2.5078790e-001
  4.3141868e-001
 -2.9407572e-001
  1.0499826e+000
  8.0183257e-001
  1.4443304e+000
 -1.5341698e+000
  7.6647671e-001
  3.1741037e-001
  6.4048617e-001
 -5.0678029e-001
  5.6350454e-001
  7.5657915e-001
 -1.7426255e+000
  1.3422257e+000
  2.2687441e+000
  1.2854557e+000
  1.0839088e+000
  2.4562987e+000
 -1.2451808e+000
 -9.9234420e-001
 -1.5711531e+000
 -6.0426575e-001
 -5.2540586e-001
  2.8497170e-002
  8.9181689e-001
 -2.7268062e-001
 -2.1479674e+000
 -1.0059450e+000
 -7.9959134e-001
 -1.0473756e+000
 -1.2773578e+000
  1.0151392e+000
  3.9416284e-001
  8.8995734e-001
  1.8535245e+000
  1.1365919e+000
 -5.6489112e-001
 -1.8176639e+000
  3.4008811e-001
 -4.2495685e-002
  6.5971037e-001
 -2.4839191e-001
 -1.3187100e+000
  4.2753263e-001
 -1.9995224e-001
 -1.4717224e+000
  9.7957492e-001
  2.4322258e-001
  1.1706802e+000
 -1.5426111e-001
  1.6125517e+000
  1.0927334e+000
 -5.8238942e-001
 -4.4167029e-001
  1.4316312e+000
  1.4269970e+000
  4.9797218e-002
 -1.0092575e+000
 -3.8166071e-001
  8.0882016e-002
 -1.7488909e-003
 -2.2395432e+000
  4.8522349e-001
  1.0637711e+000
  9.0691062e-001
 -1.3576607e+000
  1.8511882e+000
 -5.6879134e-001
  1.4918323e+000
 -6.5649985e-001
  8.4888909e-001
 -1.5332176e+000
  6.8989506e-001
 -1.1338523e+000
  1.9409588e+000
 -2.4344734e-001
 -1.1614436e-001
  3.0155939e-001
 -1.5696111e+000
  5.8946821e-001
  5.4261185e-001
 -1.4549567e+000
  1.8492456e+000
  2.9248084e-001
 -4.0815623e-001
  9.5574313e-001
  8.5027619e-001
 -1.3788402e+000
  6.7513243e-001
 -2.8840409e-001
 -1.3379642e+000
 -4.0581304e-001
 -6.9484095e-001
 -1.2222256e+000
  2.5351251e-001
  4.7370593e-001
 -1.0856516e+000
 -2.8775023e-001
  8.1794694e-001
 -5.4303591e-001
 -4.8304500e-001
  9.4784274e-001
  7.6645518e-001
  4.2851304e-001
  1.1061163e+000
 -1.9610186e+000
  9.8797975e-002
  1.2997973e+000
 -7.5473132e-001
 -5.6756928e-002
  1.4631052e-001
  3.0068045e-001
  6.8706456e-001
  2.4006091e-001
  1.0905426e+000
 -4.8184192e-001
 -9.2005038e-001
 -9.3798101e-001
  8.7895254e-001
 -8.8168747e-001
 -9.6254608e-001
 -1.4703463e+000
  3.3594541e-001
  1.1808892e-001
  1.8496564e+000
 -1.2596339e-001
 -5.3457444e-001
 -1.1509236e+000
  3.8326952e-001
 -3.2242317e-001
 -4.8113209e-001
 -4.6531911e-001
 -8.8551720e-001
  1.2847743e+000
  3.6105442e-001
  9.9541389e-001
 -5.9947536e-001
 -1.3580320e-001
 -7.0873742e-001
  1.0059428e+000
  4.4806593e-001
 -1.9681059e-001
 -8.4367993e-001
 -1.7668482e+000
 -1.1478202e+000
  4.2514363e-001
 -4.2412688e-001
  2.1732926e-001
 -1.3247926e+000
  2.9851797e-003
 -6.5682612e-001
 -8.4585249e-001
 -8.1558953e-001
  1.5272424e-001
 -2.2751470e+000
  1.3419192e+000
 -1.4177942e+000
 -4.4532803e-001
  2.0096016e-001
 -3.8469334e-001
 -4.4519479e-001
 -1.4365697e-001
 -7.7339105e-001
  5.1799985e-001
  8.2941979e-001
 -9.8953877e-001
  6.8111095e-001
  1.3312276e+000
  7.2196321e-001
 -6.9781235e-001
 -7.6580848e-002
 -5.6142387e-001
 -1.4390151e+000
  1.2683576e+000
  9.0335484e-002
 -2.1983917e+000
 -9.9588729e-001
 -1.2231403e+000
 -8.8589000e-001
  1.5618697e+000
  9.0603328e-001
  2.4554677e-001
  9.7252730e-001
  1.6739035e+000
 -1.5128002e+000
 -3.3832425e-001
 -5.2010698e-001
  4.0053964e-001
 -1.2954586e+000
  1.7744278e+000
  7.4763655e-001
  9.5955072e-001
  9.3258721e-002
 -3.8034923e-001
  5.7088107e-001
 -1.6641612e+000
 -2.7561722e+000
 -5.7867292e-001
  6.3702759e-001
 -4.7741775e-001
 -5.9077258e-001
 -6.0144298e-001
  3.5060381e-001
 -3.2590723e+000
 -4.5006776e-001
 -1.4193912e+000
 -1.2032230e+000
 -2.0490571e-001
  2.5514587e-001
  3.9641745e-001
 -5.2747596e-001
  7.0865794e-001
  2.9716477e-001
 -3.5838527e-001
  3.4598905e-001
  5.5661736e-001
 -1.0118776e+000
  1.6625529e+000
  8.1787154e-001
  1.5556778e+000
  4.6340778e-001
  6.7539082e-001
 -1.3553483e-001
  1.7430671e+000
  6.1326404e-001
  5.7298077e-001
 -7.5462314e-001
 -1.9778701e+000
  7.6605220e-001
  1.4203454e-002
 -1.7025084e-001
 -8.0953486e-001
  8.2999958e-001
 -1.5221668e+000
 -1.8129811e+000
  8.5664332e-001
 -8.8683486e-001
  2.2310479e-001
  4.3229975e-001
 -1.1854354e+000
  4.3168676e-001
  4.5889930e-001
 -1.1496699e+000
 -1.2703602e+000
  1.8595819e+000
 -1.7177969e+000
  5.2326013e-001
 -1.0696495e+000
  9.6737382e-001
 -8.7213085e-001
  5.3887823e-002
  1.3756922e+000
  2.9446593e-001
  6.7546685e-001
  5.9050973e-001
 -1.9513499e+000
  1.4093168e+000
  7.6986754e-001
 -5.7354146e-001
 -1.1237625e-001
  5.5486300e-001
 -1.7277230e-002
  3.7591620e-001
 -1.9000807e-001
  1.0229905e+000
 -8.1580734e-001
 -2.0914017e-001
 -8.9046887e-001
 -2.1304216e+000
  1.5269282e+000
 -1.5132860e+000
  6.3360828e-001
 -1.6226874e+000
  7.5350291e-002
 -6.7679201e-001
  3.8435240e-001
  1.0354200e+000
  1.3872566e+000
  6.3561853e-001
  2.1081343e-001
  1.3264643e+000
 -6.8152239e-001
 -1.8446715e+000
 -5.9701779e-001
 -2.6360487e+000
 -4.7881614e-001
 -3.9060864e-001
 -2.8489614e-001
 -1.5345227e+000
  2.9269257e+000
 -5.2746728e-002
 -9.3364657e-001
  1.0033437e+000
  1.3589921e+000
 -2.4257205e-001
  3.5971166e-001
  4.1675486e-001
  3.1688416e-001
 -2.4042329e-001
  4.7055402e-002
 -2.3588964e-002
 -6.1682878e-003
  8.5462939e-002
  4.3671358e-001
  6.7508070e-001
  7.3405275e-001
  7.3874920e-001
  3.8998085e-001
 -1.8635170e-001
 -3.7310254e-001
 -2.3142189e-001
 -2.3759779e-001
 -3.7894561e-001
 -5.3882747e-001
 -6.3521509e-001
 -5.0359461e-001
 -1.1597859e-001
  9.4212657e-002
 -3.6158668e-003
 -3.1638884e-001
 -5.1184237e-001
 -3.8858138e-001
 -4.8558752e-001
 -5.7091687e-001
 -6.3050419e-001
 -5.5217177e-001
 -4.7350606e-001
 -4.4223438e-001
 -5.5530923e-001
 -9.0899525e-001
 -1.3146496e+000
 -1.3174576e+000
 -6.7349538e-001
  3.3247618e-001
  6.0848430e-001
  1.7677581e-001
 -2.8315434e-001
 -5.3492392e-001
 -5.6316721e-001
 -2.5959821e-001
  1.1020967e-001
  5.6277643e-002
 -2.7484174e-001
 -2.9806881e-001
 -1.4259756e-001
  1.1538668e-002
 -2.0653457e-001
 -3.0146893e-001
 -1.5301735e-001
 -2.5700654e-001
 -6.2073575e-001
 -7.9185385e-001
 -7.2330045e-001
 -6.8853418e-001
 -3.7140736e-001
  8.2408771e-002
  2.0898786e-001
  1.5368429e-001
  4.4360111e-001
  6.6360490e-001
  5.8140944e-001
  2.4255875e-001
  1.0135098e-001
  4.3559111e-002
  1.0083686e-002
 -2.4673888e-001
 -3.7469489e-001
 -7.6288835e-002
  2.5159513e-001
  2.4561230e-001
 -2.5143910e-001
 -6.9138962e-001
 -8.1923855e-001
 -9.8849049e-001
 -9.5654447e-001
 -7.7973262e-001
 -1.0215734e+000
 -1.1220562e+000
 -6.3549438e-001
  1.7746890e-001
  6.6640250e-001
  4.6865736e-001
 -5.9280233e-002
 -1.5703857e-001
 -1.2193774e-001
 -1.4091645e-001
 -9.8016570e-003
 -5.9302373e-002
 -4.2091893e-001
 -6.2112267e-001
 -8.9235534e-001
 -8.9824281e-001
 -8.3761239e-001
 -8.4088468e-001
 -7.8327373e-001
 -6.0983877e-001
 -3.8964693e-001
  4.6919435e-002
  9.9982215e-002
  6.2576698e-002
 -1.4865173e-001
 -7.0601888e-001
 -1.0099038e+000
 -9.4444198e-001
 -4.5326090e-001
  2.0589511e-001
  5.6412558e-001
  4.4069702e-001
  1.1837873e-001
 -5.1502540e-002
 -3.7122465e-001
 -5.8770659e-001
 -6.3733216e-001
 -6.4684632e-001
 -4.6829920e-001
 -2.7099720e-001
 -5.3998894e-002
  4.1027082e-001
  5.9097201e-001
  5.9298006e-001
  4.0523030e-001
 -1.2957703e-001
 -2.3889968e-001
  2.2869014e-002
  3.6912875e-001
  4.9142909e-001
  5.4953080e-001
  6.7738017e-001
  5.1401315e-001
  4.2465255e-001
  4.1878230e-001
  3.9071998e-001
  4.9939930e-001
  5.4200826e-001
  5.6528919e-002
 -6.5816799e-001
 -7.8465558e-001
 -6.1947460e-001
 -7.7563487e-001
 -8.4634121e-001
 -6.1632732e-001
 -4.6000612e-001
 -6.8189194e-001
 -4.7296332e-001
  2.1103547e-001
  8.6560208e-001
  7.9985004e-001
  4.1010693e-001
 -5.9411307e-002
 -6.5703037e-002
 -7.6614120e-002
  1.8650620e-001
  5.3482185e-001
  6.9060871e-001
  5.7321897e-001
  1.3237474e-001
  5.9227067e-002
 -2.9371555e-002
 -1.2543741e-001
 -3.0107676e-001
 -3.3139492e-001
 -3.5923656e-001
 -4.5773739e-001
 -2.8723351e-001
  3.1270915e-001
  6.4204048e-001
  7.2859972e-001
  9.5205632e-001
  9.9796235e-001
  6.1856537e-001
 -5.6671658e-002
 -4.4415659e-001
 -2.6526394e-001
  2.5174521e-001
  5.6891166e-001
  4.1567154e-001
  1.8190667e-001
  2.2544008e-001
  4.7554068e-001
  5.9500588e-001
  4.6088165e-001
  1.0952296e-001
 -4.2888040e-001
 -9.5348240e-001
 -1.6225904e+000
 -1.7562271e+000
 -1.5451219e+000
 -9.2979033e-001
 -2.7582874e-001
  9.8435640e-002
  3.8364045e-002
  1.4351437e-001
  2.4390125e-001
 -1.5231920e-002
 -5.9730371e-001
 -1.0105226e+000
 -1.2406772e+000
 -1.3083914e+000
 -9.9968501e-001
 -5.9718017e-001
 -3.7417343e-001
 -3.0723355e-001
 -2.8972396e-001
 -1.5831634e-001
 -7.3608903e-002
 -8.0775165e-002
  1.4961536e-002
  2.4869097e-001
  3.2482190e-001
 -1.1127373e-001
 -5.4271546e-001
 -7.2607591e-001
 -5.2679899e-001
 -3.5822995e-001
 -5.3723822e-001
 -5.6857017e-001
 -3.9590507e-001
 -2.8053099e-001
 -2.7883851e-001
 -8.0102650e-002
  9.9630981e-002
  2.6828789e-001
  3.5143625e-002
 -3.2202143e-001
 -3.8629757e-001
 -3.1468281e-001
 -6.7954593e-001
 -1.1574831e+000
 -9.5626803e-001
  2.8264310e-002
  1.1326270e+000
  1.2256072e+000
  5.4451711e-001
  4.2630731e-002
 -4.7712603e-001
 -7.2098233e-001
 -2.6838397e-001
  5.1518970e-001
  1.2352449e+000
  1.6112809e+000
  1.6524949e+000
  1.4913699e+000
  1.1477505e+000
  7.5859940e-001
  2.9595894e-001
 -2.0026791e-001
 -4.2521290e-001
 -1.3079797e-001
  3.6119495e-001
  8.5477381e-001
  8.4381419e-001
  4.1475835e-001
 -1.1910766e-001
 -5.1113254e-001
 -5.1490148e-001
 -3.8444109e-001
 -3.7480730e-001
 -3.5158789e-001
  6.1244660e-002
  4.8012564e-001
  3.9887176e-001
  2.9193668e-002
 -3.5765826e-001
 -6.8829448e-001
 -7.0346686e-001
 -4.8578107e-001
 -1.4272156e-001
  1.7207705e-001
  3.4418826e-001
  2.9642418e-001
  4.7812487e-001
  6.5337799e-001
  3.6677242e-001
  8.4757006e-002
  1.7818653e-001
  5.8260242e-001
  8.1046203e-001
  5.0871948e-001
  1.2360928e-001
 -1.5916264e-001
 -3.7423934e-002
 -5.2860779e-002
 -2.3283789e-001
 -3.8698132e-001
 -2.4685890e-001
 -1.8381824e-001
 -2.2209299e-001
 -2.1888497e-001
 -1.7069697e-001
 -1.0015333e-001
 -7.0468189e-002
 -1.0640649e-001
  3.0449488e-002
  4.5042417e-002
 -9.3818510e-002
 -3.9592097e-001
 -4.2566691e-001
 -2.0681730e-001
 -8.9549340e-002
 -4.2768909e-001
 -3.2202054e-001
  1.6282108e-001
  6.6988862e-001
  9.4346482e-001
  6.8413948e-001
  3.1737642e-001
 -6.1443469e-002
 -3.8485267e-001
 -7.0504726e-001
 -7.4737462e-001
 -7.0316431e-001
 -5.3720928e-001
 -2.4564203e-002
  7.2984864e-001
  1.1239560e+000
  1.1023080e+000
  8.8282272e-001
  7.9005235e-001
  5.9424304e-001
  2.5022066e-001
 -8.7705307e-002
 -1.7143684e-001
  4.5620401e-003
  9.2843841e-002
  3.0408144e-001
  4.0503725e-001
  4.9441350e-001
  2.6153646e-001
  7.0648636e-002
 -4.7608938e-002
 -6.8629433e-004
  4.4338992e-002
  2.2812025e-001
  1.0447789e-001
  1.9010138e-001
  3.5846029e-001
  4.0521749e-001
  3.0913694e-001
  2.9896422e-001
  4.9054823e-001
  3.8746760e-001
 -8.8682053e-002
 -6.3121411e-001
 -6.4875338e-001
 -2.5373058e-001
  3.7813314e-002
  1.8700730e-001
 -1.3335679e-001
 -4.8459866e-001
 -8.7893102e-001
 -8.6347210e-001
 -7.6345271e-001
 -6.2012726e-001
 -6.2733875e-001
 -2.5535323e-001
  3.9703079e-001
  9.5486839e-001
  9.6828998e-001
  7.1543659e-001
  5.8931428e-001
  7.6991113e-001
  7.3789814e-001
  7.0084981e-001
  4.7354210e-001
  6.8493124e-002
 -6.9067222e-002
  1.5445025e-001
 -2.0592229e-002
 -1.8618744e-001
 -1.6311978e-001
  5.3566267e-002
  2.5745451e-001
  5.6579986e-001
  7.1114246e-001
  3.1826575e-001
 -5.3139467e-001
 -1.3725846e+000
 -1.6025838e+000
 -1.1590623e+000
 -6.7597093e-001
 -2.7114230e-001
 -3.4169955e-001
 -6.8887146e-001
 -7.1371333e-001
 -5.1606812e-001
 -1.9706165e-001
  6.6338179e-002
  2.1586934e-001
  7.9061692e-002
 -1.6928452e-001
 -2.0262299e-001
 -2.9372438e-001
 -5.0696905e-001
 -5.8128974e-001
 -2.6980366e-001
 -2.2339418e-001
 -1.6855824e-001
 -3.2839604e-001
 -3.3478398e-001
 -3.5202186e-001
 -2.2751061e-001
  7.5714863e-002
  2.4155351e-001
  1.6103224e-001
  6.9330994e-002
  1.4483264e-001
  2.2602359e-001
  5.3435578e-001
  5.7809951e-001
  5.2728752e-001
  2.3429687e-001
 -8.8601990e-002
 -2.2846858e-001
 -1.5419550e-001
  6.4599406e-002
  4.3741764e-001
  3.2644396e-001
 -1.3340459e-001
 -6.1643484e-001
 -5.8582457e-001
 -2.7393539e-001
  1.3574492e-001
  1.5141140e-001
  2.2458915e-001
  2.5488879e-001
  2.1849781e-001
 -2.8011244e-004
 -4.8621313e-002
 -2.1698898e-001
 -3.3920433e-001
 -4.6970145e-001
 -5.2894384e-001
 -5.3603959e-001
 -1.6413139e-001
  4.1941805e-002
  1.5936021e-001
  3.6988807e-001
  3.4996753e-001
  2.8818792e-001
  2.1396058e-001
  4.9600696e-002
 -1.5638954e-001
 -3.0653431e-001
 -3.6171532e-001
 -7.1126925e-001
 -1.1368959e+000
 -1.2193728e+000
 -9.8534007e-001
 -1.0046557e+000
 -9.8680125e-001
 -8.4554270e-001
 -6.9362291e-001
 -3.2620218e-001
  1.5714401e-001
  5.9416259e-001
  6.0469081e-001
  3.3070104e-001
  1.3240837e-001
 -2.1785026e-001
 -1.7114832e-001
 -3.6992559e-002
 -1.4258125e-001
 -3.4798630e-001
 -1.8185040e-001
  2.0023392e-001
  5.1731752e-001
  5.3614194e-001
  2.2072903e-001
 -2.0559183e-001
 -3.4439456e-001
 -2.3828735e-001
  5.9624426e-002
  2.1879476e-001
 -2.4409721e-002
 -7.8958076e-001
 -1.2039899e+000
 -9.6064930e-001
 -7.0817867e-001
 -2.1183339e-001
  1.2750869e-001
 -8.4365637e-002
 -4.4573929e-001
 -2.8586122e-001
 -2.1313303e-001
 -3.2303705e-001
 -1.7387583e-001
  3.2546518e-002
  1.0670218e-001
  7.2242803e-002
  2.7582387e-001
  2.9323643e-001
  2.8592989e-001
  1.5860339e-001
  4.5460882e-001
  8.9022673e-001
  9.6111040e-001
  6.4063532e-001
  4.9935491e-001
  6.5715699e-001
  7.9213222e-001
  5.1597612e-001
  3.4280198e-001
  1.5935531e-001
  2.5121457e-001
  4.7819692e-001
  5.6626376e-001
  7.1158691e-001
  8.7548104e-001
  4.5234019e-001
  2.3335338e-002
 -1.8944466e-001
 -6.8249955e-001
 -7.5096141e-001
 -1.9336904e-001
  5.8321567e-001
  6.1327727e-001
  2.8649053e-001
 -1.0510428e-001
 -2.4427933e-002
  1.9623999e-001
  5.5845727e-002
 -2.3473528e-001
 -5.0082137e-001
 -3.5569645e-001
  2.9373565e-001
  8.0149323e-001
  9.3978406e-001
  9.5016381e-001
  7.7738987e-001
  6.0846838e-001
  2.3637312e-001
 -3.0254166e-002
  1.0973621e-001
  9.5597756e-002
  1.8449346e-001
  3.1160931e-001
  3.4936480e-001
 -1.2298740e-001
 -5.0634010e-001
 -6.8984647e-001
 -7.0354305e-001
 -6.0087561e-001
 -1.9169416e-001
  4.7422764e-002
 -1.0097658e-001
 -5.2220522e-001
 -6.5282125e-001
 -6.1366508e-001
 -2.9275536e-001
  1.5503098e-001
  6.5176215e-001
  6.4476515e-001
  2.4081443e-001
 -2.2680146e-001
 -1.9479483e-001
 -1.7968203e-001
 -5.0390672e-002
  2.4571599e-001
  5.6518089e-001
  1.0325961e+000
  1.2203789e+000
  8.8096995e-001
  6.8773840e-001
  6.8803649e-001
  4.3344171e-001
  1.4852689e-001
  1.2186495e-001
  3.1457557e-001
  2.1684671e-001
 -1.4718801e-001
 -6.6015937e-001
 -7.3078269e-001
 -4.0330509e-001
 -2.7125343e-001
 -2.4765036e-001
 -9.0807847e-002
 -2.2594245e-001
 -2.2210731e-001
 -2.2627048e-001
 -2.5886311e-001
 -3.8796983e-001
 -4.5535303e-001
 -1.9650125e-001
  1.7975870e-001
  7.5771247e-002
  1.0691444e-002
  3.0164341e-001
  7.6291645e-001
  7.4695296e-001
  4.3960145e-001
 -7.2445472e-002
 -6.3160132e-001
 -7.1939576e-001
 -7.8042090e-001
 -2.6821065e-001
  3.7106629e-002
  1.6635163e-001
 -1.1971592e-001
 -3.2012630e-001
 -2.9419869e-001
 -1.3060014e-001
  1.0293377e-001
  2.7465792e-001
  4.4888785e-001
  6.0472823e-001
  7.9463909e-001
  6.4251402e-001
  1.3886403e-001
 -6.2433042e-001
 -9.4401312e-001
 -8.6777861e-001
 -5.9370314e-001
 -5.1642079e-001
 -3.7476508e-001
 -4.9625687e-001
 -6.3811160e-001
 -7.5869280e-001
 -5.2942460e-001
 -5.2291755e-001
 -4.8190671e-001
 -2.8278229e-001
 -3.0793153e-001
 -5.2448987e-001
 -4.5934994e-001
 -2.8867177e-001
  8.3377740e-002
  5.7225884e-001
  7.2146043e-001
  4.9558664e-001
  9.8007934e-002
 -1.1371352e-001
 -2.8535075e-001
 -3.1618069e-001
 -5.0813699e-001
 -4.3964430e-001
 -2.9122972e-001
 -3.7573375e-002
  3.7796722e-002
  9.7090837e-002
  3.8748180e-001
  2.9421174e-001
  1.8082796e-001
  3.3554384e-001
  4.1140396e-001
  1.2173993e-001
 -1.4170856e-001
 -3.9391491e-001
 -6.7642368e-001
 -3.9082238e-001
 -1.2467152e-001
 -2.0156842e-002
  1.5833356e-002
  3.0191457e-001
  1.9753197e-001
 -2.3776813e-001
 -4.2913878e-001
 -7.5817049e-002
  5.0234629e-001
  6.7063308e-001
  4.5221931e-001
  2.8050360e-001
  4.8626465e-001
  6.6888154e-001
  4.3806964e-001
 -9.0906222e-002
 -2.3244461e-001
  1.1208232e-001
  3.8575342e-001
  2.7753340e-001
  1.1620588e-001
  2.1140327e-001
  6.9496004e-001
  1.0667426e+000
  8.4919195e-001
 -8.2104496e-002
 -8.3850021e-001
 -9.0057124e-001
 -3.9937846e-001
  2.2892843e-001
  2.1396351e-001
 -9.0974548e-002
 -2.6382642e-001
 -5.6589135e-001
 -9.7797577e-001
 -1.0693839e+000
 -7.9222509e-001
 -1.7432804e-001
  3.2977847e-001
  8.1043539e-001
  7.2688503e-001
  6.4189864e-001
  5.8790277e-001
  3.3759763e-001
  9.0572734e-002
  2.4363367e-001
  3.5459745e-001
  5.4411482e-001
  6.4303320e-001
  5.6961535e-001
  3.9634024e-001
  3.8675272e-001
  5.7210432e-001
  7.1277869e-001
  7.6005069e-001
  6.0270648e-001
  5.0877042e-001
  2.3976074e-001
  9.4391042e-002
 -9.0321145e-002
 -4.6528378e-001
 -9.7671870e-001
 -1.1553219e+000
 -8.5230966e-001
 -2.9657051e-001
  1.3286099e-001
  2.5600421e-001
 -1.7768558e-004
 -1.3769359e-001
 -2.7806547e-001
 -4.9457309e-001
 -7.7912799e-001
 -6.1844556e-001
  2.1602959e-001
  4.5568322e-001
  3.4718845e-001
  1.1392208e-001
 -2.1226574e-001
 -4.0455653e-001
 -3.9507035e-001
 -5.5493969e-001
 -4.5782819e-001
 -1.5157335e-001
 -2.5510097e-001
 -8.0897954e-001
 -1.1731768e+000
 -1.0443020e+000
 -8.1207558e-001
 -3.5199251e-001
  5.5929820e-002
  3.3869564e-001
  2.1002186e-001
  1.8796874e-001
  4.5390177e-001
  7.2068520e-001
  7.5454306e-001
  6.2875529e-001
  6.4578141e-001
  6.1922737e-001
  5.2927692e-001
  3.4740538e-001
  3.4366411e-001
  7.1679758e-001
  8.3943064e-001
  5.4592971e-001
  2.1243505e-001
 -2.5755809e-002
 -2.1892789e-001
 -3.1757008e-001
 -2.1652340e-001
 -2.4755324e-003
  1.7873748e-002
  2.7485635e-001
  3.4471108e-001
  1.6565735e-001
  1.8111731e-001
  4.6994864e-001
  4.9872582e-001
  4.7019350e-001
  5.3419317e-001
  6.7816950e-001
  6.7232338e-001
  4.0923605e-001
  1.6660013e-001
  1.2705914e-001
  1.9091516e-001
  2.7188725e-001
  1.2439939e-001
  1.0649551e-001
  2.9560678e-002
 -2.0062739e-001
 -3.5342366e-001
 -3.2648923e-001
  3.0323505e-002
  3.7395533e-001
  6.2529503e-001
  5.0182641e-001
  1.8687115e-002
 -6.1426722e-002
  4.9101396e-002
  4.4314472e-002
 -2.5503953e-001
 -7.7293722e-001
 -7.1277638e-001
  1.5575237e-001
  4.6972960e-001
  2.3364648e-001
 -7.2622140e-002
 -6.4885585e-002
  7.5640243e-002
  2.9998914e-001
  5.2476310e-001
  3.5158034e-001
  5.2146504e-002
  1.0603846e-001
  2.6701614e-001
  6.2073019e-001
  6.1948424e-001
  4.3021322e-001
  2.0508973e-001
 -1.1946139e-001
 -5.5328143e-001
 -6.8096699e-001
 -4.7456765e-001
 -1.1233813e-001
  1.3035865e-001
  3.3151129e-001
  3.4721662e-001
  3.2568171e-001
  3.2590949e-001
  2.3121350e-001
 -7.9037836e-003
 -2.0621239e-001
 -3.8302997e-001
 -4.3837365e-001
 -3.8730917e-001
  7.5111309e-004
  2.2065302e-001
  5.5052260e-001
  5.4820175e-001
  1.7762659e-001
 -4.4324368e-001
 -1.1270836e+000
 -1.2286887e+000
 -8.6117124e-001
 -2.7974686e-001
  7.2982469e-003
  8.4910124e-002
  6.6429640e-002
  1.8081877e-001
  6.0354220e-001
  8.2836313e-001
  8.5956788e-001
  6.8578225e-001
  4.2273839e-001
  2.8741918e-001
  7.8623004e-001
  1.0690028e+000
  6.9531997e-001
 -3.8769110e-002
 -3.2388268e-001
 -6.7225714e-002
  4.8232356e-001
  8.1739037e-001
  8.1993670e-001
  6.3900825e-001
  6.6377670e-001
  7.8054683e-001
  8.3899729e-001
  7.4640413e-001
  4.4453028e-001
  3.5794563e-001
  5.9975974e-001
  6.5962775e-001
  3.9666231e-001
  3.2912367e-001
  2.9487444e-001
  5.0797072e-001
  6.0025551e-001
  6.3310831e-001
  8.0634270e-001
  1.1165173e+000
  1.0975840e+000
  4.4580057e-001
 -2.3429455e-001
 -5.7209789e-001
 -7.2936867e-001
 -5.0212503e-001
 -3.9434011e-002
  5.5036646e-001
  4.8722586e-001
 -4.7906223e-002
 -2.4343410e-001
 -1.8993302e-001
 -8.3012805e-002
  1.3573294e-001
  4.6968912e-001
  5.2930828e-001
  4.8770411e-001
  4.4525194e-001
  2.3897997e-001
  8.6160598e-003
  2.0863856e-001
  6.8310923e-001
  9.6305682e-001
  9.3091273e-001
  4.0236002e-001
  1.4574364e-001
 -5.5618625e-002
 -3.6759676e-001
 -5.4604681e-001
 -1.8572697e-001
 -1.5903896e-001
 -6.4196490e-002
  2.6765677e-001
  4.8553813e-001
  4.3344057e-001
  3.0500904e-001
  3.5696695e-001
  6.0498109e-001
  8.7972571e-001
  6.2237196e-001
  1.9557012e-002
 -3.5361032e-001
 -6.6895440e-001
 -6.4656758e-001
 -6.0174541e-001
 -5.2093556e-001
 -5.5780202e-001
 -3.1710553e-001
  1.5336857e-001
  5.4806695e-001
  8.2679052e-001
  5.4407574e-001
  3.8694925e-001
  3.5484197e-001
  5.8304906e-001
  4.1571370e-001
 -9.2780277e-002
 -3.3780783e-001
 -2.7501839e-002
  3.9339626e-001
  7.4914047e-001
  7.0032239e-001
  5.2384584e-001
  5.2472327e-001
  7.4283334e-001
  9.8195655e-001
  7.6256917e-001
  7.2592749e-001
  7.9797624e-001
  5.2938905e-001
 -8.8989044e-002
 -3.2369889e-001
 -6.8844958e-002
  2.5654510e-002
 -3.0753648e-001
 -6.4931725e-001
 -8.1000263e-001
 -5.5993517e-001
 -3.1321674e-001
  8.8369312e-002
  4.3019550e-001
  1.3808933e-001
 -4.8901070e-001
 -6.2338159e-001
 -2.5498591e-001
 -3.7291158e-001
 -8.8183169e-001
 -1.0129280e+000
 -8.0523229e-001
 -7.2965266e-001
 -9.1881728e-001
 -9.8190249e-001
 -7.5112682e-001
 -1.5381804e-001
  2.2947154e-001
  5.6312599e-001
  5.5361939e-001
  1.6963869e-001
 -2.9108421e-001
 -5.1764982e-001
 -5.4173570e-001
 -5.6419736e-001
 -4.9186989e-001
 -4.0582806e-001
 -3.0225586e-001
 -9.1711496e-002
  3.3485621e-001
  2.1032648e-001
 -5.2170652e-002
 -1.4648616e-001
 -1.8631556e-001
 -3.4718143e-001
 -5.7883548e-001
 -9.1947132e-001
 -9.7167667e-001
 -7.1959317e-001
 -4.0581733e-001
 -3.7030149e-001
 -1.4436401e-001
  3.8396505e-001
  7.5378798e-001
  5.9828943e-001
  2.6746843e-001
  3.9963916e-001
  6.7508027e-001
  7.8810365e-001
  3.8606176e-001
 -4.2074938e-001
 -1.0632550e+000
 -1.1449009e+000
 -9.7218908e-001
 -8.7071506e-001
 -6.1744557e-001
 -5.3445998e-001
 -1.7502118e-001
  2.9963531e-001
  7.3462631e-001
  6.6538821e-001
  4.4372092e-001
  1.8977926e-001
 -3.0377339e-001
 -7.7338987e-001
 -5.7213452e-001
  2.8296176e-001
  7.5619409e-001
  4.7025678e-001
  2.7707745e-001
  5.0571307e-001
  7.2916499e-001
  3.8557125e-001
  6.2576922e-002
  7.8398573e-002
  1.6287538e-001
  1.1960507e-001
  2.0801219e-002
  4.0110206e-001
  8.1622890e-001
  9.8939205e-001
  6.8472128e-001
  2.7580003e-001
  2.6360324e-001
  1.7437222e-001
  4.7865570e-002
 -8.0653436e-002
  5.1567677e-002
  2.3699021e-001
  2.7380015e-001
  2.5867734e-001
  1.3136432e-001
 -2.2403338e-002
 -3.3062839e-001
 -7.0896403e-001
 -6.5038420e-001
 -6.5075697e-001
 -5.2431732e-001
 -8.3421287e-002
  4.9330441e-001
  6.0088369e-001
  1.0401723e-001
 -4.1326467e-001
 -3.8251377e-001
 -2.0138985e-001
 -9.6232989e-002
 -9.1775935e-002
  7.4426665e-002
  3.9552041e-002
 -2.7159187e-001
 -6.8219200e-001
 -6.6750455e-001
 -2.9454990e-001
  1.4900197e-001
  2.2804018e-001
  3.1925918e-001
  2.5434712e-001
  6.2138070e-002
 -3.1657997e-001
 -5.5130211e-001
 -6.0279765e-001
 -3.5025335e-001
 -1.0303187e-001
  1.3844429e-001
  1.8322520e-001
 -2.8765282e-001
 -4.2601542e-001
 -2.7019074e-001
 -2.9156829e-001
 -6.7887107e-001
 -5.4361648e-001
 -3.1468035e-001
  1.6673587e-002
  4.7483256e-001
  5.7126850e-001
  4.6037374e-001
  3.6316576e-001
  4.5702080e-001
  2.8943163e-001
 -1.4320001e-001
 -9.4936324e-001
 -1.0575598e+000
 -7.8366421e-001
 -4.7339038e-001
 -1.3373756e-001
 -3.9949684e-003
  7.4319445e-002
  4.7212352e-002
  4.0876364e-002
  3.8994210e-001
  7.1758763e-001
  6.9444022e-001
  2.5010505e-001
  1.1850166e-001
  2.3861354e-001
  7.7562235e-001
  1.1692506e+000
  1.0760679e+000
  5.5672352e-001
  2.7765180e-001
  1.6075561e-001
 -1.1522515e-001
 -6.2449160e-001
 -7.8753377e-001
 -2.0453147e-001
  3.0411124e-001
  3.4591599e-001
  1.0378575e-001
  1.8699375e-002
  3.2938225e-001
  2.9205493e-001
 -3.5466704e-003
  1.1140929e-001
  8.8720619e-001
  1.3012933e+000
  1.0623928e+000
  6.4788928e-001
  7.1890681e-001
  9.6594723e-001
  6.6358518e-001
  4.7219824e-001
  8.4321813e-002
 -2.8765913e-001
 -2.8192722e-001
 -9.3001844e-002
 -4.0943382e-002
  5.3389432e-002
  5.3810156e-001
  8.5280570e-001
  8.7206690e-001
  8.5954373e-001
  9.0298690e-001
  8.6578450e-001
  5.6792849e-001
  3.7917425e-002
 -1.7968558e-002
 -9.0334953e-002
 -3.8475257e-001
 -7.3603517e-001
 -9.7862328e-001
 -8.7493146e-001
 -5.6876969e-001
 -3.2701036e-001
 -4.3288002e-001
 -5.6360095e-001
 -6.2886829e-001
 -7.1689729e-001
 -6.3966352e-001
 -3.5796991e-001
  2.7236803e-001
  6.3218591e-001
  2.8245369e-001
 -2.5933751e-001
 -1.0017853e-001
  1.9602846e-001
  2.6890937e-001
  3.3179113e-001
  4.3825879e-001
  3.7743151e-001
  3.7690517e-001
  2.3976869e-001
  1.9869669e-001
 -1.0038548e-001
 -3.7997044e-001
 -1.6022743e-001
  1.6428973e-001
  1.7809734e-001
  1.4078495e-001
  3.2327417e-001
  6.3019814e-001
  6.8324281e-001
  3.1547994e-001
 -6.0639035e-002
 -1.6019004e-001
  4.9027416e-002
  3.0637491e-001
  6.4383436e-001
  8.9288245e-001
  7.3224767e-001
  2.3578005e-001
 -2.6769616e-001
 -5.0933136e-001
 -7.5901215e-001
 -8.5631838e-001
 -3.3852458e-001
  1.5270222e-001
  2.8283152e-001
  2.1579642e-001
  4.4948652e-002
 -3.2172243e-001
 -5.3973744e-001
 -2.0888190e-001
  1.7040219e-001
  2.7382665e-001
  4.2037712e-001
  4.9952924e-001
  5.3449203e-001
  6.9121772e-001
  1.1778655e+000
  1.1177911e+000
  5.8298237e-001
  3.6219112e-001
  3.8666172e-001
  5.3408392e-001
  6.0654926e-001
  5.8601826e-001
  3.0555293e-001
 -2.6612718e-001
 -6.1833004e-001
 -8.2387444e-001
 -9.1880286e-001
 -3.7988631e-001
 -3.0450321e-002
  7.9341820e-003
 -5.1105624e-002
  1.6823473e-001
  3.9459388e-001
  5.7272426e-001
  5.2215275e-001
  5.0826745e-001
  5.9414376e-001
  6.4097384e-001
  4.0433745e-001
  1.8658711e-001
  2.5781680e-002
 -6.9811204e-002
  1.7504246e-001
  3.3828503e-001
 -1.0852459e-001
 -5.9713319e-001
 -8.2630293e-001
 -8.3687070e-001
 -6.7873443e-001
 -2.7643512e-001
  1.3684271e-001
  1.5549017e-001
 -5.4907168e-002
 -2.9191226e-001
 -4.3222393e-001
 -5.5301883e-001
 -5.5241855e-001
 -1.4863574e-001
  2.8904134e-001
  4.5247617e-001
  2.1759849e-001
 -2.0479197e-001
 -3.0987977e-001
 -3.5965240e-002
  7.1425571e-001
  1.2284586e+000
  1.0232039e+000
  2.4140221e-001
 -1.7970331e-001
 -1.1855875e-001
  3.3847960e-001
  7.8374548e-001
  7.9718133e-001
  3.7982375e-001
 -1.7211640e-001
 -3.7697448e-001
 -2.9447302e-001
 -3.0879491e-001
 -2.5833592e-001
 -8.2227015e-002
 -2.0217903e-001
 -1.6331285e-001
  5.5851067e-002
  1.7508700e-001
  1.7493108e-001
  7.6636223e-002
  9.4101369e-002
  8.0273369e-002
  9.0922210e-002
  8.6860535e-002
  1.2170642e-001
  2.6647969e-001
  5.3023348e-001
  6.3083581e-001
  5.9485286e-001
  5.7131060e-001
  6.3154246e-001
  5.4257183e-001
  9.3098268e-003
 -6.2733052e-001
 -7.6625494e-001
 -4.7373069e-001
 -6.0054784e-002
  2.0166616e-001
  3.3826681e-001
  2.7388459e-001
  4.8351210e-001
  9.9387036e-001
  1.4125361e+000
  1.2472124e+000
  5.0444932e-001
 -2.4005575e-001
 -4.5815843e-001
 -2.0341491e-001
  3.1453069e-001
  6.1115676e-001
  5.1274274e-001
  6.2817703e-002
 -5.0209815e-001
 -6.2422906e-001
 -4.4582449e-001
 -9.1283544e-002
  3.3087319e-001
  4.2815014e-001
  3.3489857e-001
  2.3346436e-001
  3.0591999e-001
  4.9599120e-001
  4.6354311e-001
  4.1811512e-001
  4.9960836e-001
  6.4858383e-001
  5.4966984e-001
  2.6951533e-001
  1.6252224e-001
  1.5416263e-001
  2.5125240e-001
  2.3416902e-001
  1.4255652e-001
  1.8985304e-001
  6.3543216e-001
  5.7202457e-001
  3.8830086e-001
  3.4351278e-001
  3.5908051e-001
  3.2291735e-001
 -2.1924881e-002
 -4.2425399e-001
 -7.5887573e-001
 -5.4775145e-001
 -1.8129653e-001
 -1.4176897e-001
 -3.6883936e-002
  3.9681796e-001
  8.8594438e-001
  9.7806189e-001
  4.6550059e-001
 -6.5482264e-001
 -9.6265998e-001
 -5.6811645e-001
 -3.8918961e-001
 -2.9295162e-001
  7.0654359e-002
  4.8813439e-001
  8.6452013e-001
  1.0852086e+000
  1.1283642e+000
  1.1249675e+000
  7.4937415e-001
  3.8264535e-001
  1.2509032e-001
 -1.2769153e-001
 -6.4041110e-001
 -1.0199148e+000
 -8.7696317e-001
 -3.0216683e-001
  5.0867411e-001
  1.3602918e+000
  1.2331530e+000
  5.5480824e-001
  1.8290375e-001
  1.2037966e-001
 -1.4467774e-001
 -4.4262336e-001
 -5.4224226e-001
 -4.0667907e-001
 -1.7218337e-002
  6.1968635e-001
  8.2073282e-001
  4.6406072e-001
  2.8784632e-001
  4.9629575e-001
  7.7731921e-001
  9.1351368e-001
  9.9789441e-001
  1.0869318e+000
  6.2085202e-001
  5.8906751e-003
 -6.0002148e-001
 -7.5048483e-001
 -5.6807317e-001
 -1.2468206e-001
  3.4670209e-001
  6.0950725e-001
  5.0678979e-001
  2.6191947e-001
 -6.1606004e-002
 -3.2249060e-001
 -6.5177983e-002
  2.6376172e-001
  5.3643100e-001
  4.2090974e-001
 -1.1249881e-001
 -4.9643814e-001
 -5.0270303e-001
 -1.6813402e-001
 -7.0323827e-002
 -1.2666032e-001
 -2.4211955e-001
 -2.0040904e-001
  7.2123806e-002
  2.6720889e-001
  5.7399507e-001
  7.0846550e-001
  2.2405147e-001
  6.8359574e-002
  1.9756348e-001
  4.2117951e-001
  4.3065592e-001
  8.0757553e-002
 -4.8468601e-001
 -7.1968228e-001
 -4.1315629e-001
  4.1393604e-002
  2.8861674e-001
  4.5685500e-001
  2.2398239e-001
 -3.3083088e-001
 -7.0574587e-001
 -6.5666147e-001
 -2.9255323e-001
  4.3393091e-002
 -9.5393371e-002
 -5.3623216e-001
 -1.0725943e+000
 -1.2951408e+000
 -1.3702793e+000
 -1.2715298e+000
 -1.0335002e+000
 -4.0751720e-001
  9.3229983e-002
  4.8521046e-001
  6.5927992e-001
  5.0561074e-001
  2.4804108e-001
 -5.3351851e-002
 -2.5804012e-001
 -2.3642302e-001
 -6.2482018e-002
 -8.3738362e-002
 -1.7650793e-001
 -1.1363709e-001
  3.6472868e-001
  6.9949706e-001
  6.5327355e-001
  4.2185490e-001
  1.3043120e-001
 -1.9445755e-001
 -4.6453337e-001
 -3.2415794e-001
 -2.7245675e-001
 -2.2510125e-001
  1.5405772e-001
  4.6718746e-001
  4.9786437e-001
  6.1753390e-001
  6.0718230e-001
  5.2410071e-001
  3.9509837e-001
  4.0537114e-001
  2.9088779e-001
  1.6816168e-001
  1.7241012e-001
  5.2825883e-001
  8.2912923e-001
  1.0466506e+000
  7.8649222e-001
  4.1121081e-001
 -9.3659541e-002
 -4.8993729e-001
 -1.7865457e-001
  2.4815344e-001
  4.8421791e-001
  6.1411379e-001
  6.6483155e-001
  5.1385011e-001
  2.5901806e-001
  1.5523803e-001
  3.3335079e-001
  4.4006321e-001
  3.0180329e-001
  6.3279261e-002
 -2.0735044e-001
 -2.6028005e-001
  3.7716392e-002
  2.2468776e-001
  1.6063393e-001
  3.4694126e-002
 -6.6741433e-002
  2.8526546e-001
  7.1304127e-001
  6.3524060e-001
  3.3255296e-001
  8.1032695e-002
  3.0317123e-001
  7.0358342e-001
  8.1964559e-001
  7.1349338e-001
  6.3285603e-001
  6.3439832e-001
  3.5145410e-001
 -2.2632269e-001
 -4.7096761e-001
 -3.7292762e-001
 -2.8907486e-001
 -4.5009335e-001
 -5.9092388e-001
 -3.5511241e-001
 -2.9716770e-001
 -4.8439848e-001
 -6.8171203e-001
 -8.8543125e-001
 -5.9764209e-001
 -8.6746406e-002
  2.3869757e-001
  2.4617501e-001
  3.4875898e-001
  7.1437414e-001
  9.1679904e-001
  7.2749636e-001
  8.4850429e-002
 -5.0017618e-001
 -8.1541720e-001
 -5.6781355e-001
 -2.3705065e-001
 -1.9289400e-002
 -2.5732822e-001
 -5.1460330e-001
 -8.3075215e-001
 -7.1035924e-001
 -2.9574404e-001
 -2.0832386e-001
 -4.4682964e-001
 -6.1740290e-001
 -2.7870010e-001
  2.4082003e-001
  5.4371638e-001
  4.8827854e-001
  3.1056987e-001
  3.3169770e-001
  4.9061147e-001
  5.7999102e-001
  6.1272274e-001
  2.8974058e-001
 -1.4738841e-001
 -4.3117979e-001
 -3.6732886e-001
 -9.6115719e-002
  3.2158624e-001
  2.9748976e-001
 -6.9772610e-002
 -7.9672798e-001
 -1.1502808e+000
 -1.3274697e+000
 -1.3132449e+000
 -1.2338685e+000
 -1.2377643e+000
 -1.0833918e+000
 -3.9629937e-001
  2.5062649e-001
  2.7081508e-001
  5.7348413e-002
  6.2945940e-002
  3.3959262e-001
  5.1818919e-001
  4.7073594e-001
  1.1089024e-002
 -3.0951015e-001
 -5.3068609e-001
 -3.5913005e-001
 -2.0629772e-001
  1.8340403e-001
  2.8728597e-001
  5.1909938e-002
 -1.7450807e-001
 -2.0329966e-001
 -1.1544463e-001
 -7.5692371e-002
  1.4911525e-001
  4.3512727e-001
  6.5529849e-001
  4.3317992e-001
  2.3819218e-001
 -8.1479603e-002
 -2.1743102e-001
 -9.1022268e-003
  1.5950650e-001
  2.2256253e-001
  4.0233294e-001
  5.9704654e-001
  4.8311569e-001
  6.3697487e-001
  6.8354261e-001
  6.8683960e-001
  6.7744058e-001
  3.4054689e-001
 -1.9643926e-001
 -4.3911833e-001
  1.9083213e-002
  4.3497550e-001
  4.2909697e-001
  3.8774612e-001
  3.3955311e-001
  2.7421463e-001
  5.9005334e-002
 -3.6860568e-001
 -8.1849702e-001
 -1.1568751e+000
 -1.0629924e+000
 -8.3015986e-001
 -4.8597008e-001
 -9.5796936e-002
  1.3612037e-001
  6.2591059e-001
  6.7411836e-001
  3.7306203e-001
  1.9669445e-001
  3.3907643e-001
  3.3227854e-001
  9.9734063e-002
  1.6248125e-001
  3.2991727e-001
  2.7087593e-001
 -5.3724054e-002
 -2.6880646e-001
 -2.6739113e-001
 -2.5364769e-001
 -4.6559333e-001
 -8.1786316e-001
 -1.0286144e+000
 -8.2325751e-001
 -3.1909561e-001
  3.5820958e-003
  1.1508474e-001
  4.8554137e-001
  6.7233402e-001
  5.8982939e-001
  4.0325406e-001
  4.3063284e-001
  2.6674362e-001
  8.7424596e-002
 -8.1765236e-002
 -8.7580930e-003
  1.6702827e-002
 -2.4917875e-001
 -4.3405693e-001
 -3.5266221e-001
 -9.5857670e-002
  1.7065095e-001
  5.8092852e-002
 -1.1246833e-001
 -1.7298525e-001
 -1.2453095e-001
 -1.7462628e-001
 -1.2872587e-001
 -2.0329004e-002
  3.9774161e-002
  5.0628659e-002
  4.4378132e-002
  1.0514997e-001
  2.9184450e-002
  7.5656490e-002
  3.4598887e-001
  5.8786354e-001
  1.5360823e-001
 -4.2522647e-001
 -4.8959016e-001
  1.7391185e-002
  6.7245130e-001
  9.1389781e-001
  4.3900072e-001
 -5.2143087e-002
 -2.7498134e-001
 -5.9604635e-001
 -8.7544985e-001
 -7.5108598e-001
 -4.2310000e-001
 -2.8343379e-001
 -4.3618995e-002
  3.8472028e-001
  5.6086530e-001
  2.3697462e-001
 -2.7013366e-001
 -1.7107513e-001
  2.3393660e-001
  2.3336327e-001
 -5.7874154e-002
 -1.6892398e-001
 -9.8728305e-002
  5.2602526e-002
  2.2162240e-001
  4.1152354e-001
  6.5871466e-001
  7.4646532e-001
  3.9744689e-001
  1.0524436e-001
  2.1343180e-001
  2.2113757e-001
  1.9669183e-001
  2.5303079e-001
  1.7317876e-001
 -6.5536288e-002
  2.8031189e-001
  8.9782964e-001
  1.3929074e+000
  1.5059783e+000
  1.4710169e+000
  7.9815859e-001
 -2.4572073e-001
 -9.7138054e-001
 -1.1228477e+000
 -9.2762937e-001
 -4.7181204e-001
  3.0474251e-002
 -5.0034338e-002
 -5.1440283e-001
 -9.2714062e-001
 -1.1659322e+000
 -1.0764759e+000
 -8.6133132e-001
 -3.3611380e-001
  1.6009702e-001
  7.2951055e-001
  1.2323006e+000
  1.2132018e+000
  6.1580464e-001
 -1.6793243e-001
 -5.7232669e-001
 -3.5607819e-001
  5.7770700e-003
 -6.7311297e-002
 -2.7847044e-001
 -3.3173706e-001
 -2.9551858e-001
 -4.6865010e-001
 -2.3970651e-001
  1.9607935e-001
  4.6515445e-001
  6.2537914e-001
  8.2476424e-001
  9.0817869e-001
  4.8698107e-001
  1.5540410e-001
  3.4805513e-001
  6.9689185e-001
  6.2903615e-001
  1.6723424e-001
 -2.8415800e-001
 -2.7120090e-001
 -4.2361142e-001
 -7.2224046e-001
 -4.8344781e-001
  9.2956523e-002
  3.9222127e-001
  4.0339107e-001
  3.3458386e-001
  4.7687063e-001
  4.7260730e-001
  4.3629261e-001
  1.4337491e-001
 -1.1339170e-001
 -3.3188953e-001
 -2.1521297e-001
  1.8942769e-001
  3.9105946e-001
  2.8746804e-001
 -2.2522530e-002
 -2.8366619e-001
 -2.5094980e-001
 -1.1430195e-001
 -6.3770839e-002
  2.0719042e-001
  3.8649832e-001
  3.5478980e-001
  4.4436029e-001
  3.6777094e-001
  8.7010415e-002
 -5.6637384e-002
 -2.3041123e-001
 -5.0081670e-001
 -7.1859741e-001
 -7.9982153e-001
 -7.6705661e-001
 -5.3497596e-001
 -1.5272623e-001
 -1.7052132e-001
 -1.9217426e-001
 -1.1762980e-004
 -4.6297927e-002
 -7.2533002e-002
  2.1484880e-001
  4.2333641e-001
  6.6960680e-001
  5.1999270e-001
 -4.3639329e-002
 -2.1369024e-001
 -1.5744345e-002
  4.0107588e-002
 -3.4395401e-002
  5.3937651e-002
  1.5767353e-001
  3.6153734e-001
  5.0981004e-001
  5.7037122e-001
  2.5138484e-001
 -2.8682866e-001
 -5.4971798e-001
 -4.2690688e-001
 -3.7042563e-001
 -6.4100850e-001
 -8.5558664e-001
 -5.7467619e-001
 -3.4408275e-002
  4.4332394e-001
  6.3368470e-001
  1.6214030e-001
 -3.0497059e-001
 -3.3128837e-001
 -2.8139683e-001
 -3.2327635e-001
 -4.5851177e-001
 -4.5815575e-001
  1.0203424e-002
  3.5882120e-001
  5.8535526e-001
  4.2661798e-001
 -4.4027199e-002
 -2.0380680e-001
 -6.4787765e-004
  2.3716594e-001
  1.0971272e-001
 -3.4055579e-001
 -8.2978160e-001
 -1.0643607e+000
 -7.9816875e-001
 -3.5359896e-001
 -2.5046952e-001
 -3.1220147e-001
 -4.0979066e-001
 -4.7439853e-001
 -6.2767157e-001
 -6.2495790e-001
 -6.7118630e-001
 -7.1519407e-001
 -5.9366365e-001
 -4.3509553e-001
 -4.4194981e-001
 -3.1443344e-001
 -2.3743408e-001
 -2.5301367e-001
 -3.0146342e-001
 -3.6142718e-001
 -5.4590369e-002
  1.5704875e-001
  6.3441315e-002
  2.4411689e-001
  5.1346205e-001
  6.5503928e-001
  3.8525808e-001
 -3.5513108e-002
 -4.0499029e-001
 -6.0521275e-001
 -3.0861587e-001
 -1.8953597e-001
 -5.3223246e-001
 -9.7094294e-001
 -1.1789800e+000
 -9.5189673e-001
 -2.4302950e-001
  5.6346589e-001
  7.7755326e-001
  9.5117531e-001
  8.1991369e-001
  3.4772967e-001
 -1.9879369e-001
 -4.3554975e-001
 -4.3122208e-001
 -2.9953064e-001
  1.5698126e-001
  6.2311335e-001
  8.2038717e-001
  6.8698446e-001
  2.8499162e-001
 -3.2658455e-002
 -6.7076995e-001
 -1.3232077e+000
 -1.3341738e+000
 -8.5514641e-001
 -3.9241192e-001
 -2.7871639e-001
 -2.8713547e-001
 -4.8073182e-001
 -1.0443768e+000
 -1.3128360e+000
 -1.3446531e+000
 -1.2426981e+000
 -8.5649533e-001
 -2.7778683e-001
  3.6252931e-002
  9.2351607e-002
  2.6382518e-001
  2.7223008e-001
  2.0175044e-001
  1.5168693e-001
  1.3605456e-001
  2.7263770e-002
  3.8177805e-001
  7.3809005e-001
  1.0590128e+000
  1.0034667e+000
  7.8578685e-001
  6.1310636e-001
  7.4891604e-001
  7.9604409e-001
  5.8613031e-001
  6.2665375e-002
 -5.3837183e-001
 -5.6808813e-001
 -3.0913003e-001
 -1.5861132e-001
 -2.3311018e-001
 -1.3516141e-001
 -5.6393150e-001
 -8.0249588e-001
 -6.9266006e-001
 -4.8591858e-001
 -1.4450686e-001
 -1.1507598e-001
 -7.5813896e-002
 -9.0898099e-002
 -1.1749575e-002
 -2.8016998e-001
 -4.5020896e-001
 -2.7360752e-001
 -1.7674792e-001
 -2.6569216e-001
 -2.5044384e-001
 -1.7952814e-001
 -1.7341810e-001
  4.0609263e-003
  2.8176666e-001
  5.5075999e-001
  6.5849124e-001
  4.1139136e-001
 -5.8297221e-002
  6.9840376e-002
  2.7362265e-001
  1.2706227e-001
  1.8043222e-001
  1.1914806e-001
  1.7101298e-001
  1.4961513e-001
  2.4706700e-001
  2.2436776e-001
  7.9822073e-002
 -2.0238835e-001
 -6.0062577e-001
 -8.9207982e-001
 -7.2092322e-001
 -3.7535316e-001
 -3.6577610e-001
 -3.7561822e-001
 -5.3935823e-001
 -3.9045983e-001
 -1.2557569e-001
  3.9936767e-001
  8.5019430e-001
  9.1189905e-001
  8.4956910e-001
  6.6209535e-001
  2.0934058e-001
 -5.2125759e-001
 -1.0763892e+000
 -1.5123470e+000
 -1.4246708e+000
 -9.8944519e-001
 -6.4630173e-001
 -4.0297693e-001
  2.9059591e-001
  6.2406752e-001
  3.2906210e-001
  4.1752726e-001
  5.9985977e-001
  4.9847409e-001
  4.2218725e-001
  3.7569015e-001
  2.8660176e-001
