 -3.7601349e-002
 -5.2372982e-001
 -8.7666319e-002
  1.1201204e+000
 -5.3750916e-002
 -1.1385490e+000
 -1.0779649e+000
 -1.3515975e+000
  5.8327202e-001
 -1.9538880e+000
  3.2840657e-001
  6.0704395e-001
  1.8757167e-001
  2.2858579e-001
 -5.4847281e-001
  9.2378821e-001
  8.0013808e-001
 -6.9406266e-001
  2.0051385e-001
  8.3608687e-001
 -7.5898767e-001
  6.2904166e-001
  1.1423661e+000
 -2.2802765e-001
 -8.3763031e-001
 -7.9828705e-001
 -1.2506252e+000
  2.2661754e-001
  9.3456335e-001
 -3.2811882e-001
 -1.2591737e+000
  1.0525858e+000
  6.9158862e-001
  5.2444046e-001
 -1.1973725e+000
 -1.1012499e+000
 -4.9714779e-001
 -2.2328292e+000
 -8.9959438e-001
  1.4882004e-001
 -1.6931986e-001
 -6.4187624e-001
  1.3760738e+000
  1.6720173e+000
 -6.7825768e-001
  2.9805169e-002
 -8.8855309e-001
  2.8785821e-002
 -5.8274794e-002
  3.0512960e-001
 -6.6991314e-001
  1.7871079e-001
  1.1603238e+000
 -3.3568305e-002
 -8.7404570e-002
 -6.0315081e-001
  2.4808006e+000
 -1.0869560e-001
  1.6737481e-001
  1.7553381e-001
 -1.9572070e+000
 -7.3021131e-002
  4.6046769e-001
  6.1875332e-002
  1.0141527e+000
 -7.4344198e-001
 -8.1319045e-001
  1.8148813e+000
  2.6108475e-001
  6.4215821e-001
 -1.5644412e+000
 -1.4750229e+000
  2.4908450e-001
 -4.1576039e-001
 -1.6481714e+000
  1.1943926e+000
  1.9199541e+000
  1.1070264e+000
 -1.8386122e+000
  9.3845604e-001
 -6.3887451e-001
 -2.1162162e+000
 -1.7935573e+000
  1.0935813e-001
  3.0915389e-001
 -3.7166064e-001
  2.9439497e-001
 -6.8991785e-001
 -3.1358593e-001
  2.7463708e-001
  5.3439860e-002
  3.1591418e+000
  1.2160077e-001
  6.7175742e-001
 -2.1990981e-001
  2.7157422e-001
 -1.4616379e+000
 -3.8867389e-001
  1.5403818e+000
  3.3620303e-001
  6.4726219e-002
  3.0209248e-001
 -4.7376497e-001
 -8.6218630e-001
 -6.3387020e-001
  4.6872262e-001
 -1.2891467e-001
  6.9900519e-001
  1.4727149e-001
  2.9813318e-001
 -5.0985378e-001
 -2.4947778e-001
 -9.4194384e-001
 -8.4648684e-001
  1.0785555e+000
  2.4053099e-001
  4.2061533e-001
 -1.1046327e+000
  1.2151279e+000
  2.6366604e-001
  8.8284738e-002
 -6.5938468e-001
 -1.6577442e+000
  5.1844685e-003
 -7.8092793e-001
  2.1423721e+000
  2.2394134e+000
 -4.1064293e-001
 -1.0019421e+000
 -1.0975975e+000
 -2.4111341e+000
  3.2208612e-001
 -7.5027947e-001
  1.1438292e+000
  6.2630521e-001
 -2.1653776e+000
 -6.7664534e-001
 -6.0915896e-001
 -2.4705068e+000
  2.7230243e-001
  1.4864227e+000
  1.8139840e+000
  7.1513273e-001
 -1.2405938e+000
 -9.7233433e-001
 -1.7562653e+000
 -3.6836820e-001
  1.5427830e-001
  4.8167722e-001
 -6.1897138e-001
  2.1584961e-001
 -1.0233680e+000
 -1.2024208e-001
  2.3715695e-001
 -3.9508990e-001
  7.9957626e-001
 -1.8705628e-001
 -3.1418032e-001
  1.3637192e-001
 -1.9248881e-001
  3.4347605e-001
  1.6888285e+000
  2.8891756e+000
  3.7214743e-001
  1.1480839e+000
  1.3521142e+000
  3.6060994e-001
 -1.9911013e-001
  9.0993989e-001
 -4.8764813e-002
 -1.7856783e-002
 -4.2893156e-001
  4.9045551e-001
  1.5630125e+000
 -4.6308311e-001
  5.9362477e-002
  2.5618147e+000
 -3.7738856e-002
  9.4080958e-001
  1.6480577e+000
  2.0474395e-001
 -2.2258655e-001
 -8.2883639e-001
 -2.9318848e-001
 -2.8456211e-001
  5.6872076e-001
  1.2439565e+000
  1.7451193e-001
 -1.0401621e+000
 -1.2398012e+000
 -5.7469755e-001
  4.6832479e-001
  2.8829768e+000
  1.7547719e+000
  4.6354085e-001
 -2.4503083e-001
 -4.1633478e-001
 -5.8300167e-001
  3.5798210e-001
 -7.5139181e-001
 -4.6494126e-001
  1.5447575e+000
  7.9904830e-001
 -1.2013201e+000
 -8.3928278e-001
 -3.8730622e-001
 -1.2979795e+000
 -1.3682057e-002
  2.1638801e-001
  6.9764461e-001
  1.0935261e+000
  1.1822452e+000
 -5.8968228e-001
 -1.6844530e+000
 -2.6602527e-001
  3.2290418e-001
  1.2224234e+000
  6.3728190e-002
 -5.1253943e-001
  1.6964383e+000
 -2.2810247e-001
  1.3375504e+000
 -1.6832264e+000
 -4.9444862e-001
  7.6310363e-001
 -2.3114413e-001
  1.5499601e+000
  4.9602339e-001
 -7.7014675e-001
  1.5740705e-001
 -4.8045177e-001
  1.8015305e+000
 -1.7723835e+000
  5.8263014e-001
  5.9629907e-001
  5.6622455e-001
 -8.6878637e-002
 -1.2473179e+000
 -8.3129931e-001
  6.0185409e-002
  1.6481889e+000
 -7.1640109e-001
  8.1677574e-001
  1.2306803e-001
  5.6247720e-001
  6.1191621e-001
 -6.4605056e-001
 -8.7769828e-001
  5.3536427e-001
 -2.0904193e-001
  1.8965125e-002
 -5.5167231e-001
  5.2271300e-001
 -1.5178563e+000
  4.1087521e-001
 -7.4850175e-001
 -5.9679395e-001
 -1.6971776e+000
  3.2367197e-001
  7.1617209e-001
 -5.3635850e-001
 -1.2874616e+000
 -5.1059171e-001
  2.3038052e+000
 -2.6247111e-001
 -8.9488323e-002
  5.5197911e-001
 -4.6424598e-001
  7.1819536e-001
 -4.5943770e-002
 -1.5594087e+000
  2.8291748e+000
  7.4496987e-001
 -3.4983961e-001
 -2.3675176e+000
  1.8274706e-001
  8.7479437e-003
  2.4114147e-001
  2.7589844e-001
 -6.2210620e-001
 -1.6609984e+000
  1.2883578e+000
 -1.0094356e+000
 -1.7192434e+000
  5.5839632e-001
 -1.3210687e+000
 -1.5560857e+000
 -1.9530285e-001
 -1.0884176e+000
  1.5694385e+000
  3.0547330e-001
 -6.3959131e-001
 -1.1088447e+000
  2.7197291e+000
  7.6806849e-001
 -1.8291887e-001
 -6.0642573e-001
  4.1211091e-001
  1.0741035e-001
  1.2958641e-001
  7.3577248e-001
 -9.6445448e-001
  1.5449397e+000
  1.3884829e+000
  2.4908374e-001
 -1.8981235e+000
  2.2982328e-001
  5.4772672e-001
 -6.7194654e-001
  8.3734771e-001
  2.2037065e-001
  9.9881311e-001
 -2.2649472e+000
  1.2911697e+000
  1.0135159e+000
  2.2571897e-001
 -9.4015385e-001
  1.6420100e+000
  4.7992748e-001
  5.6255017e-001
 -8.9578849e-001
 -1.1439237e+000
  1.4565076e+000
  1.1892720e+000
 -9.1908797e-001
  9.3230656e-001
  5.2818768e-001
 -7.6294294e-001
 -5.1378807e-001
 -1.0787342e+000
 -1.2319264e+000
 -5.6647066e-001
 -2.4259918e-001
 -8.3635197e-002
  3.4727940e-001
  1.9543279e+000
 -2.0595029e+000
 -9.9335926e-001
  1.7295193e+000
 -9.6229077e-001
 -5.1234365e-001
  1.2580435e-001
 -1.2163401e+000
  9.8082952e-002
  7.8763016e-001
 -9.9210263e-001
 -7.0346728e-001
 -1.5514322e-001
  6.5177269e-001
 -1.3085829e+000
  1.7194930e+000
  5.8743794e-001
 -8.9019582e-001
  1.3607374e-001
  4.8740818e-002
 -4.7654778e-001
 -8.8706277e-001
 -6.7395089e-001
 -6.6089255e-001
  1.4294897e+000
  7.1779570e-001
  9.5032711e-001
 -5.2138738e-001
 -3.9350990e-001
  1.9969029e+000
 -7.9403837e-001
  6.5239264e-002
 -1.9530945e+000
 -1.0286173e+000
 -7.6223305e-001
  3.5889187e-001
 -2.8956078e+000
 -7.6653130e-002
  3.8049837e-001
  2.0501400e-001
 -7.7462022e-001
  6.5040346e-001
 -5.5941067e-001
  2.1938111e-001
  4.5833389e-001
  2.4063297e+000
 -2.0038979e+000
  1.4596027e+000
  6.0445747e-001
  8.1762742e-001
  1.9177080e-001
 -4.6673913e-001
 -1.4565007e+000
 -2.3795096e+000
 -1.4149157e+000
  2.3046999e+000
  6.8326513e-001
  1.6126569e+000
 -1.4191818e-001
 -6.1826332e-001
 -3.9590644e-001
  1.5170018e-001
 -7.4870731e-002
  1.4861256e-001
 -1.7383247e-001
  1.1905905e+000
 -3.2146820e-001
 -3.9159158e-001
 -5.4834315e-001
 -9.7153079e-001
  6.9698937e-002
 -1.5879217e+000
 -2.2944606e-001
 -8.9788433e-001
  7.7563008e-001
  1.8179522e-001
 -1.4215162e+000
 -1.8802924e+000
 -5.3143770e-001
  1.0868112e-001
 -6.1144632e-002
  1.4486780e+000
 -1.1672391e+000
 -1.2514784e+000
  8.7914249e-001
  1.5405263e+000
 -6.3438437e-001
  6.6503343e-001
 -3.4362986e-001
 -2.8826462e-001
 -1.5599489e+000
 -9.7898724e-001
  1.9070324e+000
 -6.2605009e-001
  9.6335287e-001
 -1.0537189e+000
  4.1353833e-002
 -3.0260917e-001
  1.4172977e-001
 -2.8674236e-001
 -7.4658792e-002
 -1.4769290e-001
 -9.5256597e-002
 -4.3266887e-001
 -5.7414216e-001
  8.8581840e-002
  2.4865228e-001
  5.0631882e-002
  4.9669884e-001
  8.0075755e-001
  1.1642369e-001
  4.8146346e-001
  5.5849998e-001
  2.7005461e-001
 -5.8651373e-001
 -6.4091062e-001
 -2.8146012e+000
  5.4990725e-001
 -1.9377014e-001
  1.4042962e+000
 -1.0603465e+000
 -1.0644004e+000
 -3.9489687e-001
  1.4220262e+000
 -1.4046162e-001
  2.1499860e-001
 -4.3638447e-001
 -1.7746914e+000
 -5.9806592e-001
  6.6156673e-001
 -2.2481686e-001
 -1.5963980e-001
 -1.9425984e+000
  1.3476570e+000
 -2.7863719e-001
  3.8929462e-001
  7.7408640e-001
  2.7043014e-001
  1.8188402e-001
 -8.1388061e-001
 -3.9004678e-001
  9.3618942e-001
  6.2131990e-001
  4.0269394e-001
  1.2634686e-001
  8.4993541e-001
  3.9540183e-002
  6.0695493e-001
 -4.4310328e-002
 -7.2821180e-001
 -1.0572669e+000
 -1.2200613e+000
  9.8762580e-001
 -1.5310125e+000
 -2.6295712e-001
  1.9802440e-001
  6.7825587e-001
  5.0494069e-001
  2.8328927e-001
  3.7536164e-001
  4.2629638e-001
  7.7185542e-001
 -1.2699897e+000
  5.5340167e-001
  4.1243449e-002
 -1.4955832e+000
  6.5067984e-001
  7.9822507e-001
  5.0305926e-002
  9.4236657e-001
  5.9481989e-001
 -6.9830345e-001
  4.9282838e-001
 -1.0198556e-001
  8.1694095e-001
 -1.0905756e+000
  9.9377587e-001
  9.6811458e-001
  7.2088557e-001
 -1.1210207e-001
 -1.4798751e+000
  1.4576269e+000
 -1.1717237e+000
  4.8399580e-001
  4.3545671e-001
 -6.6644305e-001
 -2.7445575e-001
  1.2407600e-002
 -7.7933852e-002
 -1.9889716e-001
 -1.1603915e+000
  3.6696378e-001
 -6.7956597e-001
 -5.4275650e-001
 -3.5325652e-001
  1.2481293e+000
  1.2393521e+000
 -2.1643105e+000
 -6.3123959e-001
  1.3769700e+000
 -1.0184675e+000
  3.9371721e-001
 -5.3588104e-002
  4.6338035e-001
 -2.9137695e-001
  1.6313095e-001
  1.3805251e+000
  7.6598661e-001
 -4.9911877e-001
 -1.0589321e+000
 -1.6386657e+000
 -4.3360201e-001
  1.0194297e+000
  4.1144153e-001
 -2.8622129e-001
  6.4050366e-001
  4.0315457e-001
 -5.5702906e-001
  2.4533709e+000
 -9.4233879e-001
  1.0362490e+000
  1.9486261e+000
 -1.1362259e+000
  6.9212384e-001
 -2.9826840e-001
  2.8403298e-001
 -9.8309603e-001
 -2.1962000e-001
 -9.2868229e-001
  1.1448467e+000
 -1.3977584e+000
 -1.1676217e+000
  1.3764449e+000
  1.1149754e+000
 -1.0756060e+000
 -1.2365267e+000
 -1.1975292e-001
 -8.8406214e-001
 -7.4763818e-001
  9.2280017e-002
  1.0476513e+000
 -4.1143542e-001
  4.1969571e-001
 -3.2995611e-001
  1.0475678e+000
  1.0352174e+000
  2.4803391e-001
 -1.1445952e+000
  9.0048815e-001
 -1.5628954e+000
 -5.9820224e-001
 -5.7286163e-001
 -1.1244066e-001
  1.6515945e-001
 -1.2627207e+000
  2.0346255e-001
  1.0800582e+000
  1.9061493e+000
  9.6831711e-001
  1.0996549e-001
 -6.7309402e-001
 -4.5713420e-001
  7.7307865e-001
  7.5900410e-002
  3.5530210e-001
  9.1704599e-001
 -6.9736606e-001
 -9.9805099e-001
  1.2942311e+000
 -5.8773580e-001
  8.6675592e-002
 -2.2166299e+000
 -6.2247893e-001
  1.1272543e+000
 -1.0641616e+000
  8.2398779e-001
  4.8904376e-001
  1.9333800e-001
 -1.2704470e-001
 -2.0642516e+000
  6.0323278e-002
 -1.3349295e+000
 -8.5957274e-001
  4.1683874e-001
 -9.5738435e-001
 -2.6688522e+000
  1.1854042e-001
 -6.6082651e-001
 -1.2888907e+000
  7.4530634e-001
  2.3394718e-001
  2.9042648e-001
  1.3938180e+000
 -1.5749702e-001
  8.3219954e-001
  5.4125078e-001
  3.0720478e-001
  1.8525646e+000
  6.1091807e-001
 -1.3563616e+000
 -1.2783144e+000
  9.6248256e-001
 -1.4892471e+000
 -2.1864426e-001
  5.8476967e-001
  1.0128696e+000
  4.3226906e-001
 -1.3936353e+000
  2.7361375e-001
  1.6112620e+000
  2.8265112e-001
  2.8867958e-001
  1.2388479e+000
 -2.1097166e-001
  3.2632605e-001
 -3.6547261e-001
  1.1093135e+000
 -9.8615004e-001
 -3.5370662e-001
 -3.9942467e-001
  1.5989894e-002
  1.5253239e+000
 -1.0361685e+000
  1.2682910e+000
 -2.0291027e+000
  1.5188634e+000
 -4.2769134e-001
 -6.7273519e-002
  2.4924361e-001
  2.3314469e-001
 -9.9598737e-001
 -5.0399736e-001
 -6.3737117e-001
 -1.7737547e+000
 -1.6194786e+000
 -2.1600946e+000
  1.4564898e+000
 -8.2702036e-001
 -1.5863923e+000
 -1.7246004e+000
  1.5362930e+000
  4.4215057e-001
 -6.8031392e-002
 -1.0351878e+000
 -2.0035574e-001
  8.8927866e-001
  2.2843204e-001
 -1.1094225e-001
  2.5326952e+000
 -8.7035334e-001
 -8.4083551e-001
  1.0266412e+000
 -2.3575765e-001
  1.0971988e+000
 -2.2574802e+000
 -6.8788418e-001
  4.6614320e-001
  2.4697352e-001
 -1.1766731e+000
  2.4379508e-001
 -1.1347991e-001
 -6.6204644e-001
  1.1375627e+000
  2.3980544e-001
 -3.3340972e-001
  7.7851707e-001
 -6.0331115e-001
 -9.0078109e-001
  7.1975698e-001
  2.0449716e+000
  1.6839531e+000
 -1.7377222e+000
 -2.3727096e-002
  7.4961669e-001
 -1.9517501e-002
  1.3254372e+000
 -3.0485265e-001
  6.1296217e-001
 -4.5350498e-001
  1.5393658e-001
 -1.4358057e+000
 -1.3212901e+000
 -1.0257402e+000
  1.0801032e+000
 -1.1512673e+000
  1.9005818e+000
  4.8605583e-001
  3.3603677e-002
  1.0419825e+000
 -1.0445864e+000
  8.6359373e-001
 -4.8215653e-001
 -1.6926718e+000
  2.2304564e-001
  7.4374863e-001
 -1.4407218e+000
 -1.1634817e+000
  1.2606445e-001
 -1.1934417e+000
  7.3318153e-001
 -1.6316600e+000
  1.7646180e+000
  4.6100260e-001
 -1.5169878e-001
  3.4752464e-001
  1.2300930e+000
  1.3373432e-001
 -1.1775576e+000
 -1.4607563e+000
  5.8628292e-001
  1.0908650e-002
 -9.1495895e-001
 -1.2471100e+000
  7.2019000e-001
 -2.8751193e+000
  9.7440653e-001
 -1.1379591e+000
  3.0111264e-001
  1.5311949e-001
  4.1398776e-001
 -2.2459387e+000
 -1.8354156e+000
 -6.4268846e-001
 -3.9388245e-001
  7.0967129e-001
 -1.3726952e+000
 -1.5760024e-001
  6.5637517e-001
  1.3481442e+000
 -6.5211984e-001
  1.4277906e-001
 -4.0953822e-001
  1.1451697e+000
 -1.1562052e+000
 -1.0813953e+000
 -1.7007671e+000
 -7.0505440e-001
 -1.1303705e+000
 -4.7390152e-001
 -5.7032883e-001
 -8.9528147e-001
  1.4366898e+000
  9.4836913e-001
  1.4383004e-001
  9.0712369e-001
  9.0463009e-001
 -8.7790542e-001
 -4.3118165e-001
  4.8492124e-001
 -1.5869554e+000
  2.0439427e-001
 -2.5884893e-001
 -8.1604048e-002
  1.0860313e+000
  1.2762602e+000
  4.0653749e-001
 -2.5172944e-001
  8.6763249e-002
  2.5734000e-001
 -6.3081409e-001
 -2.9692966e-001
 -1.9990005e+000
 -1.1410921e+000
 -5.0881720e-001
  2.4020962e-003
 -6.2004330e-001
 -3.7191747e-001
  3.0185705e-001
  1.3001449e+000
  5.1222645e-001
  7.1342247e-001
  9.1567234e-002
 -1.1262814e+000
  3.5470834e-001
  1.2055405e+000
 -1.5885568e+000
 -7.2078912e-001
 -7.4813041e-001
  4.9449201e-001
 -2.2298851e+000
  1.4784031e-001
  4.6127941e-001
  1.2963110e+000
 -3.8789866e-001
 -1.5593059e+000
 -1.0566463e-001
 -7.5967074e-002
 -1.9325384e-001
  1.3499648e+000
  1.2032433e-002
 -8.7623265e-001
  1.0482810e+000
  2.3435902e-001
  5.7335800e-001
 -1.2085442e+000
  1.4763982e+000
 -1.5909996e+000
 -7.1170970e-001
  1.2516889e+000
  4.8170381e-002
 -3.9872181e-001
  5.9664632e-001
 -1.7390374e+000
  5.1059333e-001
 -5.3948270e-001
 -3.8491832e-001
 -9.5433680e-001
 -7.4280841e-001
 -1.2845026e+000
  9.6423251e-001
  4.0995673e-001
  1.1088967e+000
  5.0606204e-001
 -4.3015465e-001
 -1.1160049e+000
 -7.9190897e-001
 -3.5759950e-001
 -3.2647419e-001
 -3.6980358e-001
  1.2762494e+000
  2.2577607e-001
 -1.0266960e+000
  6.2682369e-001
 -2.2896122e+000
 -4.9042139e-001
 -9.1608044e-001
 -7.7972721e-001
 -2.0463333e+000
  8.6049884e-001
  5.4756567e-001
 -3.0425907e-002
 -1.4162558e+000
 -6.4924014e-001
 -1.3086212e+000
 -8.2160640e-001
  2.8374591e-001
 -1.8185004e-001
 -1.5740291e+000
 -1.1285134e+000
 -4.8100279e-001
  1.0482460e-001
 -9.4223056e-002
 -9.1637065e-001
  1.5978360e+000
 -2.1264777e+000
  1.4711708e+000
  6.6138930e-001
 -5.8657805e-001
 -1.2340190e+000
 -2.5332958e-001
 -5.8196194e-001
  6.2031440e-001
 -1.7471751e+000
  1.1569851e-003
 -8.1065178e-001
  2.6133796e+000
  1.7700198e+000
 -6.3682225e-001
 -4.0346189e-001
  5.0466740e-001
  7.7724233e-001
 -2.9795249e-001
  4.9170434e-003
 -6.0766459e-001
  1.6610681e-001
  1.6075445e+000
 -7.7974638e-001
  1.3702321e+000
 -9.3301820e-001
  5.3480481e-001
  9.6666608e-001
 -2.7212680e-001
 -8.9528401e-001
  3.4535177e-001
  2.0428184e+000
 -1.2640555e-001
 -2.0287299e-001
 -4.4536745e-001
  3.3283817e-001
  4.0772050e-001
 -1.5806856e-001
 -2.0544996e-001
 -1.1325356e+000
  8.5579799e-001
  8.8333965e-001
 -1.7988544e+000
 -6.3779077e-001
  2.3176697e+000
  5.6141677e-001
  9.0179388e-001
 -1.4637836e-001
 -2.2115241e+000
  2.5275048e-001
  1.7924315e+000
 -2.1636428e-002
  1.2866957e+000
  4.1837339e-001
 -4.5568081e-001
 -2.7172209e-001
  4.5271750e-001
  8.3488329e-001
  2.2512299e-001
  6.2799775e-002
  2.5193604e-001
 -1.3736841e+000
  1.3968200e+000
 -1.0357880e-002
 -7.6668531e-001
  1.0171246e+000
 -1.4799740e+000
 -2.8045736e-001
 -5.4253122e-001
 -4.3579979e-001
  1.1205975e-001
  1.1024176e+000
  7.8758245e-001
 -1.0972623e+000
  5.0356273e-001
 -2.4414598e+000
  6.1253247e-001
  7.4675886e-002
 -2.4931555e-002
  1.2368696e-001
 -4.6950014e-001
 -3.6932844e-001
 -1.2502730e+000
  2.0024365e-001
  4.6805180e-001
  6.3952134e-001
  1.1475658e-001
 -1.0974429e+000
  3.0494239e-001
 -5.5733084e-001
  4.7558235e-001
  4.5352793e-001
 -3.3619744e-001
  9.0710860e-001
 -9.1802250e-002
 -1.4755216e+000
  8.2138674e-001
 -1.0932700e+000
 -4.5347879e-001
  1.4496949e+000
 -1.8786627e+000
  9.0237071e-001
 -5.5911034e-001
  8.1528470e-001
 -3.3108557e-001
 -9.6611384e-001
 -6.0908138e-002
  9.6031705e-001
 -9.8067377e-001
 -1.5544508e+000
  9.9263031e-001
 -3.9282575e-001
 -6.2546833e-001
  2.0760314e-001
  8.5232967e-001
 -1.5002310e+000
  5.0405881e-001
 -5.8026971e-001
  5.0172376e-001
  1.8780254e-001
  4.7736961e-002
 -1.9242617e-001
  1.0128984e+000
 -1.1181577e+000
  1.5840183e+000
 -5.4208135e-001
 -5.1362499e-001
  4.5732902e-001
  7.0946887e-001
  3.6766017e-001
  1.1977203e-001
 -4.5572316e-001
 -6.8073609e-002
 -1.1317017e+000
  1.0196174e+000
  7.6916146e-001
  5.0739559e-001
  1.2659684e+000
  6.8372431e-001
 -1.4424410e+000
  1.9100650e+000
  8.3684094e-001
 -1.1942247e+000
  6.1229593e-001
  2.9697228e-002
  1.3238431e-001
 -1.1681276e+000
 -7.2293444e-002
  4.9769345e-001
  2.6544733e+000
 -6.2351225e-001
  5.6525811e-001
 -7.5394933e-001
 -6.2045406e-001
 -4.3909594e-001
  2.3116785e-001
  2.2479759e+000
  1.5845087e-001
 -1.4296906e+000
  1.2660239e+000
 -1.1110292e+000
  2.9707211e-001
 -8.4082312e-001
 -1.7062925e+000
  2.4370424e-001
  6.8275108e-001
 -9.1709613e-001
  1.4264218e-001
 -1.4066217e+000
  2.9899748e-001
 -9.3915084e-001
 -3.3192281e-001
  3.2165274e-001
  1.1342712e+000
 -8.3166398e-001
  4.0476876e-001
  3.2647854e-001
 -5.5641484e-001
  2.7656944e-001
 -4.3150805e-001
  9.8519975e-001
  1.2046150e+000
 -9.2850130e-001
 -1.6656876e+000
  1.2707648e+000
 -6.2007503e-001
 -4.6847106e-001
  2.6265326e-001
  8.3240401e-001
 -1.8860002e+000
 -1.0120739e+000
  8.9248369e-001
 -7.2195507e-001
 -1.1126226e+000
  4.9938397e-002
 -1.9148065e+000
  6.5863597e-001
 -1.6311011e+000
 -6.5721934e-002
 -1.1468978e+000
  4.7772068e-001
  4.6547420e-001
  7.3252809e-001
  5.0899379e-001
  2.4942929e-001
 -9.7131707e-001
 -6.5419341e-002
 -1.5065859e+000
 -7.6175045e-002
  2.9361070e-001
  5.4532653e-002
  9.5206240e-001
 -2.0845729e-001
  1.3438347e+000
  5.0658940e-001
  7.4150606e-001
  5.4686085e-001
 -9.1309467e-001
 -9.7831586e-002
 -1.0067922e+000
  2.8733937e+000
 -3.8917413e-001
  1.1533985e+000
 -9.4679359e-001
  5.7166255e-002
  3.5759065e-001
  1.0990546e+000
 -5.0944720e-001
  8.9123907e-001
  1.2630475e+000
 -7.3100400e-002
 -1.8636134e-001
 -1.5753025e-001
 -2.2210857e-001
  1.5547451e+000
 -1.0409802e-001
  4.5076724e-001
 -6.6161577e-001
 -2.1092242e+000
  6.0397033e-002
 -8.4709075e-003
  5.5717871e-002
 -1.4812000e+000
 -1.5409395e+000
 -9.1703386e-001
  7.9601951e-001
  2.2641796e+000
 -1.1958098e+000
 -1.7816440e+000
 -5.2831695e-001
  2.9721636e-001
  4.3109857e-001
 -3.4498549e-001
 -6.8361888e-001
 -1.4269390e+000
 -7.2508970e-001
  9.9725397e-001
  1.0191492e+000
 -8.3889733e-001
 -1.3121957e+000
 -7.8024753e-001
  4.4442218e-001
 -2.5775689e+000
 -1.2405267e+000
  8.6142411e-002
  1.1512017e+000
 -1.7402745e+000
  1.0689410e+000
  8.2834686e-001
 -3.0046991e+000
  3.1441722e-001
 -1.4882222e+000
 -5.6750445e-001
  1.3723736e-001
  2.4608056e-001
 -3.0024098e-001
 -2.8473819e-001
  7.2228803e-002
  5.5809171e-001
 -5.9781147e-001
  6.7422782e-001
  1.2774513e+000
  1.6971572e+000
 -3.1809170e-001
 -9.1383704e-002
 -5.3722494e-002
 -2.5542055e-001
 -2.5974119e+000
  2.5904505e-001
  1.4289999e-001
  1.1096249e+000
 -9.4516340e-001
  1.7070165e+000
  5.5839837e-001
 -7.2409407e-001
 -1.2528458e+000
 -4.6972596e-001
  8.0026688e-001
  1.7846080e+000
  1.7786008e+000
 -4.8758094e-001
 -1.4468719e+000
 -1.1006099e+000
  1.7181874e+000
 -1.0987729e+000
  5.8942200e-001
  1.3834146e+000
 -6.2876544e-001
  2.7850784e+000
  2.2315191e-001
  7.8099563e-001
 -6.8841636e-001
 -3.3259814e-001
  5.1004826e-001
  3.7743382e-001
 -5.0584468e-001
  1.2036071e+000
  9.1456103e-002
 -1.3736848e+000
  1.4179555e+000
  8.2335250e-001
 -1.1371830e+000
  6.9075662e-001
 -3.7326555e-001
 -1.8855146e+000
 -3.5452246e-001
 -8.3098671e-001
 -5.5819766e-001
 -1.5450685e-001
 -4.8992957e-001
 -3.2132845e-001
  1.0339586e+000
 -4.3454062e-001
 -8.9659187e-001
  2.1894403e-001
 -5.1315712e-001
 -9.4680451e-001
 -2.2681176e+000
 -6.6418967e-001
  5.6800245e-001
  6.7372303e-001
  3.2893830e+000
  2.5706098e-001
  9.0221127e-001
 -1.0423428e+000
  1.8062529e+000
  1.0959421e+000
 -1.7401886e+000
 -5.1490930e-002
 -1.1436101e+000
 -8.9373888e-001
 -8.8415752e-001
  6.4965465e-001
 -1.3442591e+000
  1.1751591e-001
  1.1721322e-001
  3.0144660e-001
  5.0489001e-001
  2.1327854e+000
  2.7802356e-001
 -4.2076544e-001
 -6.6449713e-001
 -1.2792180e+000
  1.7178242e+000
  3.9931342e-002
 -9.4082145e-002
 -1.0761478e-001
 -2.7339002e+000
 -3.9725423e-001
 -1.6877629e+000
  1.0512921e+000
 -6.1876658e-001
  1.4605401e+000
  2.1728592e+000
 -1.3549859e+000
 -9.7023209e-002
 -4.1501054e-001
 -1.3222974e+000
  8.5925739e-001
 -2.2873616e-001
 -7.2839590e-001
  7.8763002e-001
  3.3498680e-001
  7.1820704e-001
 -6.9143321e-001
 -1.1251095e+000
 -3.9894183e-001
  2.2539201e+000
  3.1665625e-001
 -8.9352099e-001
 -1.1731702e-001
 -3.8885787e-001
  3.3328436e-001
 -1.4947450e-001
  2.0314098e-001
 -4.1036492e-002
 -4.5623946e-001
 -5.8125338e-002
  5.4800280e-001
 -1.3758340e+000
  1.4545981e+000
 -5.1026782e-001
 -4.0537022e-001
 -6.9654660e-001
  1.4247532e+000
 -9.5319501e-001
  7.3273649e-001
  1.0433210e+000
 -8.4878472e-001
 -1.1336071e+000
  4.6337807e-001
 -1.3972147e+000
 -3.5196866e-001
 -1.5685431e+000
 -8.1582863e-001
 -3.8789713e-001
 -4.4577349e-001
  1.2560281e-001
  9.2658653e-001
  1.3929696e+000
 -3.3434610e-001
 -1.0682826e+000
 -6.2714034e-001
  2.9297368e-001
 -3.4934697e-001
  3.2041499e-001
 -2.3122167e+000
 -1.2883987e-001
  1.7737998e-001
 -1.6244198e+000
  5.2572344e-001
 -2.2431279e-001
 -5.1713463e-001
  1.4332436e-001
 -8.3973600e-001
  1.1111042e+000
  2.5969138e-001
  1.0347949e+000
 -8.5428853e-001
 -7.4177120e-001
 -2.2745181e-001
 -1.0313574e+000
  1.3154837e+000
  1.7685017e+000
 -2.8918745e-001
 -5.8431152e-001
 -1.9295285e+000
 -4.0585920e-001
  5.7841643e-001
  1.3792749e+000
 -8.8813574e-001
  6.9586828e-002
 -2.6126984e-001
 -5.3751370e-001
 -9.5757544e-001
 -8.9354242e-001
 -4.3427622e-001
 -2.0954766e-001
 -1.2485128e+000
 -4.9145619e-001
 -4.5817726e-001
  9.7997513e-001
 -6.1461197e-001
 -8.5715854e-001
 -1.9120965e+000
  2.1782676e+000
 -8.8845562e-001
 -5.4555430e-001
 -3.4703272e-001
 -1.2134667e+000
 -2.3249180e+000
  8.0637579e-001
 -1.1947524e+000
 -8.7490569e-001
 -1.1010711e+000
  3.3180046e-001
 -1.6771538e-002
 -1.5944972e+000
  2.4240161e+000
 -1.0158094e+000
  2.8165295e-001
  1.2083735e-001
  2.9532132e-001
  1.1069873e+000
 -1.6086253e+000
  2.9810450e-001
 -3.4218334e-001
  1.3376069e-001
  1.2268960e+000
 -1.2541418e+000
  1.0128581e+000
  1.7855270e+000
 -7.9819932e-001
 -1.3663197e+000
  1.7737798e+000
 -1.1939795e+000
  6.3793780e-001
  5.7895213e-001
 -8.8763559e-001
  1.9262835e-001
 -8.2084280e-001
  1.0287017e-001
 -4.2156728e-001
 -8.3005972e-002
 -1.1755900e+000
 -1.3716544e+000
  4.3277486e-001
 -1.5196859e-001
  3.1707064e-001
 -1.2106787e+000
 -2.2814686e+000
 -1.1199621e+000
  7.1689381e-001
 -2.5611787e-001
  3.3919514e-002
  2.2520358e-001
  4.4304274e-001
 -7.4031814e-001
 -2.0920313e-001
 -8.3595002e-003
 -4.6358747e-001
  1.2077650e+000
  8.5000228e-001
 -1.2333236e+000
 -9.2658992e-001
  1.4296268e-001
 -2.3771593e-001
  1.1794087e-002
 -1.7804457e+000
 -5.6935593e-002
  5.1599966e-001
  1.0541775e+000
 -2.2505999e-001
 -1.2367697e+000
  5.6484317e-001
  9.9570125e-001
  1.2034506e+000
  7.3429795e-001
  2.1396039e-001
  1.5448771e-001
  1.8320951e-001
  1.3884485e+000
  6.5063591e-001
 -7.3550828e-001
 -3.9870974e-001
  1.0020919e+000
 -1.2051107e+000
 -9.3879748e-001
  6.3228880e-001
 -1.0633488e+000
 -1.4547872e-001
 -3.4880964e-001
  8.1869208e-001
 -1.3234976e-001
 -7.6380286e-001
  9.5256039e-001
 -1.9053568e+000
 -3.4923208e-001
 -6.6117147e-002
  9.2004594e-001
 -1.0216929e-002
  5.9248414e-001
 -1.2614415e+000
 -3.1381481e-001
 -1.8109981e+000
  1.4828746e+000
 -7.7171872e-001
  6.0789172e-001
  2.1492856e-001
 -8.4237416e-001
  2.0644708e-001
 -1.7574232e-001
  1.3166163e+000
 -2.1646676e-001
 -1.9041893e+000
  1.2700221e+000
  2.7926142e-001
  1.3662964e+000
 -7.8015244e-001
 -5.9161621e-001
 -5.3555140e-001
 -2.4938284e-001
  1.1012783e+000
 -1.1288869e+000
 -1.1625179e+000
 -1.6012927e+000
 -3.2631039e-001
  1.2903536e+000
 -7.8165321e-001
  1.2309578e+000
  7.8697127e-002
 -5.6262802e-001
 -5.3998425e-001
 -7.5385444e-001
 -8.0215885e-001
 -1.9718216e+000
 -3.0442854e-001
  3.3936216e-001
  1.9269155e-001
 -2.8849558e-002
 -1.6575061e+000
 -1.4416041e+000
 -8.2349598e-001
 -1.3073487e+000
 -1.3594786e-001
  1.4609637e+000
 -8.9423348e-001
  7.9107664e-002
 -7.1048131e-001
  1.9538949e-001
 -6.0938426e-001
 -9.6316762e-002
 -1.4977070e-001
  7.9944799e-001
  4.1746393e-001
  9.8870931e-001
 -1.0526553e+000
 -8.9142547e-001
 -2.2902829e-001
 -2.0686378e+000
 -1.3724501e+000
  1.7225228e-001
  2.3444729e+000
 -1.4590957e+000
 -2.1971981e+000
  1.2455619e+000
 -3.3749171e-001
 -9.3144238e-001
  1.1812618e+000
  2.1132896e-001
 -1.9724542e+000
  9.3199800e-001
  1.2909919e-001
  2.2235642e-001
  4.3239024e-001
 -2.3199187e-001
 -8.3237391e-001
 -2.5527651e-001
  1.0843367e+000
 -6.1435119e-001
  2.1170851e+000
  7.3086294e-001
  1.7452871e+000
 -4.4637797e-001
 -4.9160267e-001
 -4.0895087e-001
  3.5975279e-002
  4.1771932e-001
  2.0375688e-001
 -4.2427302e-002
  5.3828906e-003
  4.0342650e-001
 -1.1107378e+000
  1.3520187e-001
 -5.3878587e-001
 -5.7662148e-001
 -1.0217833e+000
  1.4240710e+000
  1.3310880e+000
  1.1776251e+000
 -4.3826400e-001
 -6.8583341e-001
 -4.4624152e-001
  1.7669016e-001
 -6.3093097e-001
 -8.7997934e-001
 -2.1263472e+000
  1.2965224e+000
 -8.0541961e-001
  1.2489869e+000
 -9.6025974e-002
  5.8757722e-002
 -4.2599381e-001
 -1.5431660e+000
  1.4197106e-001
 -8.2881388e-001
 -3.7771918e-001
  8.3931213e-001
 -1.1712562e+000
 -2.3309831e-001
 -5.0907346e-001
 -5.2995560e-001
  1.0538336e+000
 -1.0880042e+000
  1.1836689e+000
 -3.8136022e-001
 -8.6087932e-001
 -6.2840707e-002
  1.0000974e+000
 -1.7642216e+000
  1.5461440e+000
 -1.8280924e+000
  8.0975907e-002
 -4.3743521e-001
 -9.4418950e-001
  1.3974185e-002
 -1.5915309e-001
 -1.9404282e-001
 -1.1537139e+000
  4.3136848e-001
  8.6510592e-002
  1.0765711e+000
 -9.4859921e-001
 -4.7650792e-001
 -9.7874116e-001
 -2.0992115e+000
 -2.6686591e-001
 -2.0374057e-001
 -3.4515868e-001
 -1.0482740e+000
 -9.3811367e-001
  1.9643865e-001
  3.6775199e-001
  3.6237363e-001
 -6.6589870e-001
 -3.3348463e-001
  8.8663397e-001
 -1.0237441e+000
 -7.6266947e-001
  1.4905371e+000
 -1.3981313e+000
  5.5672291e-001
 -1.4383324e+000
 -5.4854533e-001
  1.5526370e+000
 -8.4107179e-001
  1.1792183e+000
  8.9927653e-001
 -2.1446545e+000
  4.8437091e-001
 -1.0322509e+000
 -6.5794632e-001
 -5.1009353e-001
 -2.3234471e+000
 -1.7929123e+000
 -1.4697733e+000
 -1.8077368e-001
 -1.2101395e+000
 -4.5066015e-001
 -5.1939416e-001
 -5.4416435e-001
  1.9802355e-002
 -1.3261244e+000
 -1.2473362e+000
 -1.2685265e+000
  1.6038369e+000
  1.2735306e-001
  9.3835257e-001
  7.8665738e-001
 -2.7837380e+000
 -1.9915222e+000
 -7.7729898e-001
 -1.0347141e+000
 -1.5365357e-001
 -1.4293139e-001
 -8.5335659e-001
  2.2382926e+000
 -1.4398276e-001
  8.3428582e-001
 -6.1381809e-001
 -1.0199876e-002
  1.1427160e-001
  9.4577573e-001
 -1.3689522e-001
 -1.6701728e-001
  1.7083734e-001
  2.3890768e+000
 -1.9316541e+000
  2.3745002e-001
  6.9005841e-001
  6.2477043e-001
  1.2241376e+000
  4.4442655e-002
  9.0435099e-001
  4.8346879e-001
  1.5836958e+000
  7.7405849e-001
 -4.6644121e-001
 -6.1356248e-001
 -7.9187458e-001
  5.3155531e-001
  5.0722160e-001
  1.0576592e-001
 -2.2880993e-001
 -1.9597265e-001
  8.0110402e-001
 -8.0782333e-001
 -4.9651676e-001
 -1.4512524e+000
  2.6148397e-001
  5.5127451e-001
 -1.0068389e+000
  1.7699118e+000
 -1.0681140e+000
  6.4084428e-001
  1.2802350e+000
 -6.2822240e-001
 -7.3415245e-001
 -2.4202588e+000
 -1.0208081e+000
  7.9145169e-001
 -2.0425783e-002
  8.5068809e-001
  9.3276203e-001
 -6.3832180e-002
 -8.8262126e-001
  1.1921114e+000
 -6.7606512e-001
 -1.0678742e+000
 -4.6724800e-001
  9.0790562e-001
 -5.5845846e-001
  1.3656345e+000
 -7.0201816e-001
  8.6116733e-001
  1.2938211e+000
  5.5739347e-001
  1.6104791e+000
  1.2709104e+000
  9.1502730e-001
  7.2026468e-001
  1.3502668e-001
  5.3052886e-001
  3.7798492e-001
  1.1825839e+000
  8.3465454e-001
 -1.0809350e+000
  6.6082416e-001
 -9.0374756e-001
 -1.5755092e+000
  2.4262412e+000
  1.0519890e-001
  4.3585050e-001
 -2.5936160e+000
 -2.5805762e+000
 -1.8214769e+000
  1.5556454e+000
  7.1328001e-001
  4.6639438e-001
 -6.6157731e-001
  4.0018467e-001
 -6.0044433e-001
 -6.5313978e-001
 -1.1502584e+000
 -7.4737604e-001
 -6.5492779e-001
  9.5165059e-001
 -4.6134185e-001
  5.0340908e-002
 -1.5272649e-001
 -1.3885366e+000
  5.7647379e-001
 -1.1802423e+000
 -8.1210854e-001
 -5.2771989e-001
  2.6874003e-001
 -1.5816926e+000
 -7.6132467e-001
  4.7715400e-001
 -1.2982558e+000
 -2.0728015e-001
 -9.0006083e-002
 -2.4141377e-001
  1.1384352e+000
 -6.8845804e-001
 -2.1633784e-001
 -2.3051241e+000
 -6.1814001e-002
  1.3923767e-001
  4.2521338e-001
 -6.0239686e-001
 -1.0425969e+000
 -7.4610895e-001
 -1.4669249e-001
 -3.9253138e-001
  1.0839216e+000
  1.5040861e+000
  2.2682653e-001
  8.7267375e-001
 -8.1896960e-001
 -1.5971413e-001
  5.2919185e-001
  1.2684312e+000
  5.2827466e-001
 -9.1059744e-001
  1.1008288e+000
 -6.9935162e-001
 -1.1067166e+000
  1.9345503e+000
 -1.1723734e+000
 -4.7819078e-001
 -1.2330516e+000
  3.8922407e-001
  9.9352603e-001
 -2.4780029e-001
  1.9543289e+000
  7.2295366e-001
 -7.9904358e-001
 -9.6521949e-001
 -6.4236892e-001
  2.4135441e-001
  1.0931546e+000
  9.9902840e-001
  4.5288000e-001
  1.2704172e+000
  5.8023009e-002
  2.8992350e+000
 -2.7208116e-001
 -3.4809130e-001
 -1.8665563e+000
  1.7613076e-001
  1.0316882e+000
 -7.5412647e-001
  1.3098562e+000
  1.3505992e-001
 -5.5403165e-001
  1.2087390e+000
  1.1218438e+000
  1.6038341e+000
  9.0788870e-001
 -6.7300540e-001
  1.0629945e+000
 -6.3027933e-001
  1.2637863e+000
 -5.3048044e-001
 -7.5885035e-001
  3.9902007e-001
 -1.7152094e-001
 -8.3438231e-002
  1.4698587e+000
 -3.9440954e-001
 -1.3444701e+000
  3.0624713e-001
 -6.5999986e-001
 -7.2613206e-001
  6.8982609e-001
  4.5438709e-001
 -1.0514098e+000
 -5.3118826e-002
 -1.7256868e-001
  6.3880121e-001
 -2.4073676e-001
 -1.1281063e-001
 -7.8723142e-001
  3.6869539e-003
 -1.4075872e+000
 -1.8356068e+000
 -1.0254714e+000
 -4.4542787e-001
  7.7336451e-001
  4.7494753e-001
 -1.2726884e-001
 -3.8476284e-002
  7.3681276e-001
  5.8525806e-001
  2.5712058e-001
 -2.0226262e+000
 -1.4508163e+000
 -6.9348690e-001
  2.2080354e-001
  1.0349696e+000
  1.1281772e-001
 -7.3405502e-001
 -4.3481127e-001
  1.6936755e+000
  4.0476141e-001
 -8.0407831e-001
  1.1422544e+000
  1.2946682e+000
 -3.3617989e-001
  1.7757303e+000
 -7.9342842e-002
  1.5323371e-001
 -1.0557770e+000
 -8.0983743e-001
  7.9576744e-001
  1.1037977e-001
 -3.5929166e-001
 -1.4833912e+000
 -1.7817813e+000
  3.5782641e-002
 -1.1923180e+000
  8.0525854e-001
  5.8586215e-001
 -4.5624662e-001
 -1.8921614e-001
  3.5367599e-001
 -2.3329619e-001
  1.0904989e+000
  1.1370254e+000
 -2.5387866e+000
  1.4905153e+000
  9.0193564e-001
  3.6578108e-001
 -8.4374212e-001
 -1.5364176e-001
 -6.3668230e-002
  1.0188400e+000
  1.8244102e-001
  1.6135614e+000
  3.1004430e-001
  8.5000238e-001
  6.9493418e-002
  5.9936779e-001
 -2.4593925e-001
 -6.6171008e-002
  5.1511908e-001
 -9.4112456e-001
  4.4308204e-001
  8.1988308e-001
 -1.3409454e+000
  1.5145829e-001
  4.9728184e-001
  6.6376979e-001
 -2.1495247e-001
 -6.1097082e-001
 -1.0724230e+000
 -4.8249631e-001
  8.9583047e-001
 -1.1643444e-001
  1.6437544e+000
 -6.1451502e-001
 -9.7310950e-001
 -1.8039224e-001
  1.1689059e+000
 -4.2736734e-001
  2.5803156e-002
  1.4265405e+000
 -5.8555377e-001
 -6.6568767e-001
  1.2393350e+000
 -1.4630074e-001
  1.2031749e+000
  7.7891555e-001
 -1.3002638e-001
 -1.5740678e+000
 -6.4044649e-001
  5.4093073e-001
 -1.8784104e-002
  7.0876510e-001
 -2.0124127e-001
  4.8846199e-002
  7.3628108e-001
 -4.9805620e-001
 -5.8000889e-001
  8.7016777e-001
  1.0238192e+000
  4.4992969e-001
  1.2018873e+000
  1.8577078e-001
 -9.4082502e-001
 -7.9151017e-001
  6.5901202e-001
 -2.7402314e+000
 -1.3124520e+000
  5.2491795e-001
 -7.1804805e-001
  1.2259073e-001
 -1.3621387e+000
 -1.0681604e-001
 -6.6716054e-001
 -2.5143984e-001
 -3.6497896e-001
  1.9949982e+000
 -3.3042730e-001
 -4.1663363e-001
 -1.0863436e+000
  5.2069743e-001
  1.0496827e+000
 -3.6401392e-001
  1.3392583e+000
 -1.0490790e+000
 -6.3879985e-001
  7.5580985e-001
  1.8498213e-002
  3.2535658e-001
  6.0299425e-001
  1.4583634e+000
  8.1057502e-002
 -3.7238269e-001
 -1.1321528e+000
 -7.3878379e-001
 -1.6144218e+000
  6.0329215e-001
  6.5262014e-001
 -2.5950528e-001
 -1.6914060e+000
  1.2630548e+000
  4.1358999e-001
 -7.1070336e-001
 -1.7648423e-001
  1.4777659e+000
  1.4784827e-001
 -1.7563305e+000
 -5.0656945e-002
  1.1688650e+000
 -1.1669817e+000
  3.7476014e-001
 -1.0126745e-001
 -7.6963822e-001
 -9.3749873e-001
  2.6213349e-001
 -4.6862152e-001
  7.0479311e-001
  1.2422119e+000
 -1.6312958e-001
  7.0035373e-002
 -2.1270085e+000
  1.6843926e-001
 -1.9270284e+000
 -7.3223435e-001
  7.6577718e-001
 -1.0853702e+000
  1.2521648e+000
  3.1653245e-001
 -1.2623722e+000
 -1.5134456e-001
  1.5386334e+000
  1.9011345e-001
  3.9487188e-001
  1.8200649e+000
 -5.9329465e-001
  2.0194021e-003
 -4.4297329e-002
 -1.4973719e-001
 -1.1616732e-001
  1.6858545e-001
  1.8832772e-001
 -2.0663614e-001
 -7.6493258e-001
 -9.8036832e-001
 -8.8664710e-001
 -7.9757832e-001
 -4.9508164e-001
 -1.2161462e-002
  1.8954973e-001
  2.2383994e-001
  1.6274967e-001
  2.7522523e-001
  3.8796507e-001
  1.5497595e-001
  1.2893377e-001
  9.9447633e-002
  1.5597095e-001
  1.0844802e-001
  5.1364642e-001
  2.9955864e-001
 -1.0157389e-001
 -5.9157586e-001
 -8.2087227e-001
 -6.0649880e-001
 -9.6684721e-002
  3.0121804e-002
 -1.1270109e-001
  5.2882455e-002
  2.6248348e-001
  3.6804603e-001
 -5.2905490e-002
 -5.5857778e-001
 -9.2286182e-001
 -1.3136869e+000
 -1.2534204e+000
 -7.8037399e-001
 -5.2193646e-001
 -1.6139812e-001
  2.8643376e-001
  8.1437881e-001
  6.6798857e-001
  2.7956861e-001
 -2.5644615e-001
 -3.2620132e-001
 -2.3791707e-001
 -4.0592109e-002
 -1.6635817e-001
  1.9419172e-002
  3.7207834e-001
  3.8686631e-001
  1.5380156e-001
  1.1037688e-001
  5.0981214e-001
  6.7514369e-001
  4.4024275e-001
  1.3849148e-001
 -5.0180121e-001
 -6.2768261e-001
 -2.8693355e-001
  2.2542838e-002
  2.8345232e-001
  9.3589442e-002
 -3.7495537e-002
  2.2454410e-001
  5.0109971e-001
  4.8585491e-001
 -1.5990350e-001
 -6.9636465e-001
 -7.3785486e-001
 -6.8071368e-001
 -6.7161496e-001
 -9.6771518e-002
  6.6362600e-001
  9.5507296e-001
  4.6649570e-001
  1.3968303e-001
 -3.3140442e-001
 -9.9272799e-001
 -1.4051259e+000
 -1.0035117e+000
 -4.6453222e-001
 -1.9114787e-001
  5.9744754e-002
 -8.2537288e-002
 -2.9063773e-001
 -9.5161823e-002
  2.5221278e-001
  9.6475071e-001
  1.1443384e+000
  8.6903696e-001
  5.5925939e-001
  1.0903631e-001
 -3.9402803e-001
 -4.9703668e-001
 -5.1282617e-002
  3.6338182e-001
  4.4239843e-001
  3.6797086e-001
  8.6918827e-002
 -4.2578321e-001
 -5.9787860e-001
 -4.2109290e-001
 -1.4514264e-001
  1.7990487e-001
  3.7369588e-001
  1.5638497e-001
  7.9865597e-002
 -1.6974122e-001
 -5.0021229e-001
 -6.0471344e-001
 -1.9158396e-001
  1.3378513e-001
  2.7843643e-001
  1.5771222e-001
  1.8470974e-001
  3.8798276e-001
  3.5846439e-001
 -1.4129744e-001
 -6.2719850e-001
 -7.9501901e-001
 -4.1555794e-001
  3.8324784e-001
  1.0819848e+000
  1.0263437e+000
  2.4779330e-001
 -7.1347980e-001
 -1.2490907e+000
 -1.2355504e+000
 -7.0441345e-001
 -1.9323616e-002
  1.1799272e-001
 -1.5808379e-001
 -7.3776948e-001
 -1.0190438e+000
 -1.1961737e+000
 -9.1417572e-001
  8.3976532e-002
  9.7593473e-001
  1.1059220e+000
  4.8513452e-001
 -4.8557071e-001
 -1.0882348e+000
 -1.0730447e+000
 -6.6189625e-001
 -1.9891428e-001
 -2.0492962e-002
 -5.9635977e-002
 -3.0465738e-001
 -3.6906571e-001
 -2.2661192e-001
  5.3173790e-002
  7.6783718e-002
  9.8456259e-002
  1.4685003e-002
 -1.3347579e-001
 -7.4036358e-002
  1.9981789e-001
  8.3778531e-001
  1.5366249e+000
  1.6210044e+000
  1.3896536e+000
  1.2158624e+000
  8.2046406e-001
  5.0271245e-001
  4.0483422e-001
  2.7402213e-001
 -4.6397831e-002
 -1.0685217e-001
  1.0449250e-001
  4.9029080e-001
  3.6218531e-001
  4.7823118e-001
  8.0753346e-001
  9.5686759e-001
  1.0525310e+000
  1.0790012e+000
  7.9958281e-001
  2.4837653e-001
 -2.3098157e-001
 -5.3447309e-001
 -4.2483605e-001
 -3.2020776e-003
  4.5722562e-001
  3.9005016e-001
  4.3103874e-002
 -5.7776885e-001
 -7.2803859e-001
 -1.8880267e-001
  7.9460457e-001
  1.5245856e+000
  1.3684891e+000
  6.7636019e-001
  8.6407427e-002
 -3.6336033e-001
 -3.9551403e-001
 -4.6941854e-001
 -2.2966974e-001
  2.0840592e-001
  5.5562317e-001
  1.7318242e-001
 -4.1192082e-001
 -6.7029974e-001
 -6.7118537e-001
 -6.9775864e-001
 -2.4389894e-001
  3.4085682e-001
  7.2494051e-001
  9.4808905e-001
  4.9751584e-001
 -2.9263770e-001
 -6.4446592e-001
 -2.0458789e-001
  1.3510209e-001
  3.8853330e-001
  3.6755629e-001
  5.1784587e-001
  6.5258686e-001
  4.6991091e-001
  2.4855253e-002
 -2.8671146e-001
 -1.8473601e-001
  2.6921454e-002
  4.7982757e-001
  5.8687187e-001
  3.5913712e-001
  4.9658005e-002
 -2.7578399e-002
  1.6842221e-001
  6.5443631e-002
 -3.8595945e-002
  1.7794419e-001
  3.3494842e-001
  1.8297590e-001
 -2.5511642e-001
 -6.1655770e-001
 -3.1277954e-001
  1.2320437e-001
  3.6548875e-001
  2.9771425e-001
  4.1732653e-001
  4.0960676e-001
  4.0200454e-001
  3.0001380e-003
 -1.5763739e-001
 -2.0638121e-001
 -1.8097200e-001
 -9.9282632e-002
 -1.3925949e-001
 -9.8753517e-002
 -2.7448333e-001
 -3.8092634e-001
 -4.9665078e-001
 -7.1322718e-001
 -7.2572918e-001
 -6.0617510e-001
 -1.9639075e-001
 -1.3626623e-001
 -4.4297077e-001
 -3.6491560e-001
  1.9525093e-001
  4.9697895e-001
  3.6663951e-001
  2.6721144e-001
  1.3823960e-001
  1.8947768e-001
 -3.8062243e-002
 -9.0446936e-002
  4.5871360e-001
  9.0254016e-001
  3.9466426e-001
 -4.2540281e-001
 -5.7341389e-001
 -4.0831130e-001
 -1.5011554e-001
  1.0084104e-001
 -1.3600704e-001
 -3.5169010e-001
 -3.7315112e-001
 -4.3578171e-001
 -6.1188530e-001
 -6.4161654e-001
 -7.5287691e-001
 -9.9660107e-001
 -1.0129793e+000
 -5.6091140e-001
 -2.9170378e-002
  3.0056641e-001
  5.8647306e-002
 -1.6924183e-002
  4.2729756e-001
  8.9916237e-001
  6.0020944e-001
  1.8345178e-001
  1.0234085e-001
  5.4726808e-002
  1.6676290e-001
  1.3088202e-001
  9.0339537e-002
  3.7026207e-001
  7.2616805e-001
  5.7655111e-001
  8.1567942e-003
 -2.1014212e-001
 -1.6168981e-001
 -1.2562642e-001
  1.2156706e-001
  3.2061275e-001
  4.0554057e-001
 -7.8338798e-002
 -2.3820321e-003
  3.2478397e-001
  4.2349922e-001
  2.2484656e-001
  4.1912053e-001
  6.0453543e-001
  4.7461464e-001
  5.3665944e-002
 -3.9459074e-001
 -2.4358257e-002
  4.1913974e-001
  4.1996465e-001
  3.4724169e-001
  3.5769312e-001
  1.3017395e-002
 -2.7108708e-001
 -6.7277896e-001
 -9.5312041e-001
 -9.4145058e-001
 -5.8524235e-001
 -2.7784298e-001
  1.9773338e-001
  5.4000703e-001
  7.1093722e-002
 -2.9062333e-001
 -1.4365248e-001
 -7.9116408e-003
 -2.0471389e-001
 -3.6029731e-001
 -4.2850434e-001
 -3.2364487e-001
 -1.9929050e-001
 -8.1555454e-002
 -4.2834358e-001
 -4.7181444e-001
 -2.1402740e-001
 -1.6059630e-001
  2.0346481e-001
  4.2967006e-001
  2.4537749e-001
 -8.3540769e-003
 -1.7436446e-001
 -2.9772473e-001
 -5.5897254e-001
 -6.5449753e-001
 -5.9568897e-001
  4.5351073e-002
  5.5674302e-001
  6.9142640e-001
  3.9325502e-001
  2.4842952e-001
  4.1655171e-001
  2.4417445e-001
 -2.4190874e-002
 -6.2324664e-001
 -1.0817455e+000
 -1.0182654e+000
 -8.5269209e-001
 -1.0086205e+000
 -9.4031931e-001
 -5.1641762e-001
 -8.6798508e-002
  5.2111968e-002
  6.1614414e-002
  3.4882018e-002
  9.1670609e-002
  4.2911798e-001
  6.7793048e-001
  4.9187091e-001
  4.3249274e-001
  5.0780045e-001
  5.4842679e-001
  5.0511483e-001
 -1.5974791e-002
 -6.6389720e-001
 -1.4203602e+000
 -1.3072621e+000
 -5.7879073e-001
  5.3701769e-001
  1.0002117e+000
  9.3147156e-001
  3.8630110e-001
 -2.0233579e-001
 -2.4443585e-001
 -1.9274449e-001
 -1.3109312e-001
  6.0807589e-002
  2.9497056e-001
  3.0617823e-001
 -3.4171475e-002
 -3.7571487e-001
 -5.1856899e-001
 -6.8701476e-001
 -7.4354774e-001
 -7.0217189e-001
 -5.3276253e-001
 -1.8805926e-001
 -1.3303040e-001
 -5.0226725e-001
 -8.8463868e-001
 -1.0637027e+000
 -6.3006448e-001
 -2.5018843e-001
  2.2131738e-001
  1.3586658e-001
 -2.9516954e-001
 -1.2465873e-001
  3.6939459e-001
  4.1802448e-001
  3.2573068e-001
  1.0393953e-001
 -2.1097161e-001
 -7.7852909e-001
 -7.1837703e-001
 -4.0239209e-001
  2.0505903e-001
  2.4777017e-001
  1.2490188e-001
 -1.7573975e-001
 -1.5932679e-001
 -1.5062983e-001
 -1.9607802e-001
 -1.2678921e-001
  9.8841983e-002
 -8.9487186e-002
 -2.5234134e-001
 -3.1354633e-001
 -2.7001378e-001
 -7.6563117e-002
  6.0465562e-002
  3.2803354e-001
  4.6265809e-001
  5.3606212e-001
  4.6828238e-001
  5.5038922e-001
  3.9701587e-001
 -4.5233639e-003
 -5.3682048e-001
 -1.0585313e+000
 -1.0787356e+000
 -4.4927939e-001
  7.5561390e-002
  3.7076897e-002
 -3.9422332e-001
 -3.2748235e-001
 -3.3666880e-002
  2.2564901e-001
  2.1606131e-001
 -1.6331048e-001
 -6.5295466e-001
 -7.9340096e-001
 -4.3596274e-001
 -1.4141938e-001
 -2.5063014e-001
 -4.0818814e-001
 -2.7938129e-001
  3.9678940e-002
  2.8805965e-001
  4.2625521e-001
  5.0974965e-001
  3.5825893e-001
 -8.1431114e-002
 -2.8204244e-001
  4.2070837e-002
  3.8620688e-001
  5.0091684e-001
  5.0073186e-001
  4.3778366e-001
  4.4375760e-001
  4.3614323e-001
  1.2224257e-001
 -2.0194405e-001
 -6.7456263e-001
 -7.2241857e-001
 -5.5700354e-001
 -6.0329541e-001
 -4.6394566e-001
 -2.5318784e-001
  1.4077147e-001
  4.4121293e-001
  6.1568264e-001
  5.4443260e-001
  4.2149282e-001
  4.1172189e-001
  1.8100797e-002
 -4.4738765e-002
 -5.8900354e-002
 -2.5570705e-001
 -1.7523641e-001
  6.1344454e-002
  4.1784081e-001
  6.0292152e-001
  5.3201151e-001
  3.0454554e-001
  9.2354075e-002
  9.8617311e-002
  1.1096083e-001
  1.1278237e-002
  2.4650053e-001
  5.0280264e-001
  6.4638376e-001
  3.4568933e-001
 -1.3751383e-001
 -1.5737884e-001
 -1.1416910e-001
 -1.0732830e-001
 -9.9635333e-003
 -1.8412769e-002
 -1.8945480e-001
 -1.6438946e-001
 -9.6428131e-002
 -2.5540405e-001
 -3.8895529e-001
 -2.9376010e-001
 -3.8429363e-001
 -4.3448080e-001
 -2.7630078e-001
  2.8011951e-001
  4.1344912e-001
 -7.3401197e-003
 -4.0418027e-001
 -1.5261536e-001
 -1.4954894e-001
 -4.7392436e-002
  7.7881363e-002
  1.1859474e-001
  1.6862440e-001
  2.0827527e-001
  5.1185588e-001
  6.0569335e-001
  2.9191281e-001
 -3.3142061e-001
 -8.4954530e-001
 -8.8605907e-001
 -3.3848749e-001
  1.2665137e-001
  2.1746341e-001
  3.4921664e-001
  3.5023895e-001
  4.0151620e-001
  5.3410664e-001
  5.8457740e-001
  6.9987773e-001
  6.9402726e-001
  5.2072029e-001
  2.2371023e-001
  1.0121045e-001
 -1.9311170e-001
 -3.4119358e-001
 -4.1452869e-001
 -3.5463784e-001
 -2.4146834e-001
 -3.8507186e-001
 -4.9344948e-001
 -1.3333567e-001
  3.6335342e-001
  1.5885018e-001
 -3.6226469e-001
 -5.6837111e-001
 -6.9891784e-001
 -7.5019889e-001
 -4.3033215e-001
  8.7899181e-002
  1.8439805e-001
  1.7930025e-001
  2.0246278e-001
  3.6997060e-001
  6.8251859e-001
  4.7092285e-001
  1.6351929e-001
 -7.5340276e-002
 -4.1314794e-001
 -6.7736340e-001
 -6.9465679e-001
 -4.9809744e-001
 -3.1569476e-001
 -4.3571746e-001
 -2.0568672e-001
  3.5588588e-001
  9.5491638e-001
  1.2483319e+000
  7.9564168e-001
  2.3987475e-001
 -9.5311271e-002
 -9.1180920e-002
  1.6859979e-001
  4.2749280e-001
  4.1477581e-001
  9.7824689e-002
 -9.6289154e-002
 -1.0015616e-001
  7.2005228e-003
 -2.4103944e-001
 -7.0951370e-001
 -8.4406303e-001
 -4.8072621e-001
 -2.1593819e-001
  1.3581645e-001
  3.7582862e-001
  3.3607957e-001
  1.2917522e-002
 -4.5445055e-001
 -7.9463393e-001
 -9.3617446e-001
 -9.1402695e-001
 -6.7208570e-001
 -7.4537175e-001
 -1.0040312e+000
 -1.0536414e+000
 -8.5746122e-001
 -7.8774858e-001
 -4.0133221e-001
  7.0949038e-002
  3.6051910e-001
  6.5837752e-001
  6.8883687e-001
  6.6711073e-001
  5.5651773e-001
  5.8008012e-001
  8.6719107e-001
  7.9370348e-001
  8.0593674e-002
 -3.9425252e-001
 -5.9666705e-001
 -4.9547960e-001
 -5.4773254e-001
 -1.2109246e-001
  4.1440832e-001
  3.7772954e-001
  5.9838092e-002
 -4.3591316e-002
  4.7088115e-001
  5.0571197e-001
  5.9665975e-001
  6.5305836e-001
  5.6461612e-001
  3.4773039e-001
  1.5349406e-001
  7.6839317e-002
  4.4946021e-003
 -3.3786773e-001
 -3.9914374e-001
 -2.0508889e-001
  1.8990395e-001
  2.8360509e-001
  1.6397716e-001
 -5.0568971e-002
 -1.0362990e-001
  9.8670293e-002
 -5.6774267e-002
  5.4124465e-002
  4.3333067e-002
 -2.8344913e-001
 -5.4436090e-001
 -7.2980870e-001
 -1.0334844e+000
 -1.5030318e+000
 -1.4537547e+000
 -9.2742903e-001
 -5.1095063e-001
 -7.5957099e-001
 -9.6479531e-001
 -3.9239888e-001
  2.3647766e-001
  9.5327062e-002
 -1.0646704e-001
 -2.7551416e-001
 -4.9268412e-003
  2.4009271e-001
  4.0887350e-001
  6.8018709e-001
  5.1625984e-001
  7.9380461e-002
  4.8699705e-004
  1.5540343e-001
  2.4021183e-002
 -2.3660205e-001
 -7.3097320e-001
 -4.3812264e-001
 -2.2633619e-001
 -2.5702034e-001
 -1.9736373e-001
 -3.0479733e-001
 -1.2143341e-001
  9.9304189e-002
  1.7267515e-001
  1.8916313e-001
  2.6171986e-001
 -6.8118020e-002
 -1.8667939e-001
  4.1779687e-002
  7.2273379e-001
  1.0603432e+000
  5.3229706e-001
  2.4787380e-002
  8.0640820e-002
  2.3397142e-001
  4.4698067e-001
  4.0490946e-001
  2.7383301e-001
  1.6328868e-001
 -2.1844344e-001
 -5.5127275e-001
 -9.7823462e-001
 -9.3225496e-001
 -5.5116341e-001
 -7.3581578e-002
  3.7934414e-001
  7.1349687e-001
  7.4289191e-001
  5.2359228e-001
  2.0645848e-001
  2.0879676e-001
 -1.8476120e-001
 -5.9778064e-001
 -5.5164047e-001
 -2.6538900e-001
 -3.3565648e-001
 -6.0158013e-001
 -6.5228404e-001
 -6.0307273e-001
 -4.7322462e-001
 -3.9980244e-001
  5.2760818e-002
  3.5849243e-001
  4.2954910e-001
  3.9602760e-001
  5.4808392e-001
  4.9749824e-001
 -1.4030733e-001
 -6.2970494e-001
 -5.3846874e-001
 -3.7443930e-001
 -4.2145816e-001
 -4.7805008e-001
 -6.0241391e-001
 -8.3845979e-001
 -8.8617902e-001
 -4.9756955e-001
 -2.3522502e-001
  6.5987521e-002
  9.7258052e-003
 -5.8232083e-001
 -1.1340628e+000
 -1.1861038e+000
 -8.4193734e-001
 -4.8777727e-001
 -2.6749587e-001
 -2.8240699e-001
  1.4338696e-001
  4.9730243e-001
  3.5901644e-001
  9.1089154e-002
  3.8564322e-002
 -3.2189921e-002
 -1.2428657e-001
 -6.2699337e-001
 -1.0671845e+000
 -1.2263299e+000
 -1.1858746e+000
 -9.9468383e-001
 -6.7372996e-001
 -4.4627746e-001
  4.6958003e-002
  6.1805381e-001
  7.3608715e-001
  8.1234789e-001
  6.6429171e-001
  2.0665533e-001
 -6.7827698e-002
 -2.2526665e-001
 -4.7518137e-001
 -4.1739828e-001
 -2.8616714e-001
 -4.0908293e-002
  2.4243800e-001
  7.4372076e-001
  8.6170455e-001
  5.0283645e-001
  2.0484164e-001
 -1.1274636e-002
 -1.5127746e-001
 -5.2138389e-001
 -9.1845868e-001
 -1.1927301e+000
 -1.0367245e+000
 -6.4865541e-001
 -4.1164502e-001
 -3.2196716e-001
 -5.5234007e-002
  3.9890838e-001
  7.4192555e-001
  7.2655293e-001
  3.8994737e-001
 -1.6862896e-002
 -1.1328085e-001
  3.0708462e-002
 -1.8998016e-001
 -5.4526279e-001
 -6.0584298e-001
 -6.2425321e-001
 -8.0257138e-001
 -6.2552590e-001
 -1.1939487e-001
  4.1574534e-001
  3.2103156e-001
 -1.5091503e-001
 -4.1452822e-001
 -5.6078821e-001
 -1.1813109e-001
  3.2888843e-001
  3.4983567e-001
  2.1947353e-002
  1.2692397e-001
  3.5338537e-001
  2.1703396e-001
  5.3157980e-002
 -2.5628802e-002
 -2.6983909e-001
 -4.4610885e-001
 -4.6753554e-002
  1.0311776e-001
  5.1944670e-002
 -7.3733592e-002
 -3.4445689e-001
 -4.2128988e-001
 -2.9349046e-001
 -4.5587302e-001
 -6.9655484e-001
 -8.8107355e-001
 -7.5960318e-001
 -3.8040771e-001
  2.1580394e-001
  5.7880506e-001
  6.7097275e-001
  3.3301469e-001
 -3.9337478e-001
 -6.7444997e-001
 -7.2925436e-001
 -5.6780302e-001
 -3.1671037e-001
  1.9553817e-001
  2.4461915e-001
  4.6529527e-002
 -2.2965849e-001
 -5.0528432e-001
 -1.0185332e+000
 -8.8503684e-001
 -1.0665820e+000
 -1.0947098e+000
 -6.2553381e-001
 -4.5697419e-002
  3.4881389e-002
 -3.1696733e-001
 -6.5365148e-001
 -9.6682123e-001
 -9.7994612e-001
 -6.7593197e-001
 -4.4958135e-001
 -6.9060238e-001
 -8.3658019e-001
 -8.3201388e-001
 -6.0575027e-001
 -3.5374283e-001
 -1.6265014e-001
 -1.7038851e-002
 -1.4567206e-001
  1.2164372e-002
  3.0096344e-001
  1.0252226e-001
 -2.3928384e-001
 -5.8359552e-001
 -5.4453463e-001
 -4.2631373e-001
 -4.8417830e-001
 -6.1633614e-001
 -3.3133975e-001
  5.0181104e-001
  1.1682740e+000
  9.1191449e-001
  3.6284492e-001
  1.3702131e-001
  1.9707584e-001
  1.2449923e-001
  5.9985480e-003
 -2.4430497e-001
  3.0560736e-002
  2.4826425e-001
  4.8938697e-001
  3.3955707e-001
  2.4111652e-001
  2.3850536e-001
  2.9418842e-001
  1.9395555e-001
 -1.9760430e-002
  2.2168566e-004
  4.7180612e-001
  5.7229826e-001
  3.2458662e-001
 -4.3686117e-004
  1.4719476e-002
  6.0710225e-002
  2.5084550e-002
 -1.6742447e-001
 -2.7405292e-001
 -4.9892889e-002
  1.1014291e-001
 -1.8489182e-001
 -3.7509658e-001
  2.4541984e-001
  6.7152031e-001
  9.0813068e-001
  4.0043981e-001
 -3.7846481e-001
 -4.6871837e-001
  1.1653584e-001
  4.8014107e-001
  8.4709432e-001
  6.7002717e-001
  4.3317896e-001
  2.9834810e-002
  1.3288804e-001
  2.8293879e-001
  3.6023186e-001
  3.1242690e-001
 -1.3629193e-002
 -1.7171140e-001
  2.7504236e-002
  1.0456942e-001
  7.5642463e-002
  8.2420605e-003
 -2.3632577e-001
 -4.0691808e-001
 -6.1596326e-001
 -4.4874373e-001
 -2.0022277e-001
  2.5319466e-001
  3.8700307e-001
  3.7893156e-001
 -1.6167167e-001
 -6.0129831e-001
 -5.9840414e-001
 -2.8728570e-001
 -4.5472219e-002
  3.0194580e-002
 -1.1797203e-002
 -3.7982853e-001
 -6.0895763e-001
 -3.7125934e-001
 -1.7829773e-002
  2.2525906e-001
  2.9193073e-001
 -6.5359478e-002
 -2.1865729e-001
 -1.9468672e-001
 -5.5829899e-002
  1.3615816e-001
  1.8994298e-001
  1.9822570e-001
  1.6226012e-001
 -1.4749069e-001
 -2.9659780e-001
 -3.8684817e-001
 -3.3106945e-001
 -1.6705707e-001
 -2.1821664e-001
 -1.0219783e-001
 -8.8776713e-002
  9.1272217e-002
 -1.9781636e-002
 -1.8707415e-001
 -2.0263377e-001
 -1.2375935e-001
 -2.1753229e-001
 -4.5723487e-001
 -3.9825506e-001
 -3.0371254e-001
 -2.3580813e-001
 -5.8081402e-002
  3.3713026e-002
 -1.6208086e-001
 -2.6604583e-001
 -9.3130746e-002
 -4.8845572e-002
  1.2716116e-001
  8.1205399e-002
  1.2322634e-001
  1.6392170e-001
  2.1671791e-001
  2.2582620e-001
  1.8820364e-001
  2.2112618e-002
  3.0345870e-002
  3.4886189e-001
  3.0146003e-001
  2.2645549e-001
  3.8584971e-002
 -2.9557238e-001
 -3.7322069e-001
 -5.3740614e-002
  3.3454621e-001
  5.9411472e-001
  8.8812997e-001
  7.1761488e-001
  2.9627669e-001
  3.8965180e-001
  4.3579139e-001
  3.1762298e-001
  2.7724685e-002
  5.8597186e-002
 -5.7733181e-002
 -2.5804299e-001
 -3.6060152e-001
  1.6362607e-001
  7.2211503e-001
  8.6517235e-001
  5.0803162e-001
  2.5196221e-002
 -3.1870232e-001
 -4.9597320e-001
 -1.3391040e-001
  5.2981055e-001
  7.6556543e-001
  3.8516482e-001
  1.1882837e-001
 -1.0154332e-001
 -2.9401266e-001
 -5.0349736e-001
 -7.1624286e-001
 -6.6486601e-001
 -1.4355162e-001
 -1.3858477e-001
 -2.1811894e-001
 -4.6048170e-001
 -4.6249700e-001
 -4.9648703e-001
 -4.3156320e-001
 -1.3317350e-002
  2.1364523e-001
  2.5469402e-001
  2.3285809e-001
  1.3223419e-001
  1.1273873e-001
 -1.7540681e-001
 -1.1275677e-001
  2.2640348e-001
  5.1819604e-001
  1.5749950e-001
 -3.7242464e-001
 -2.8919450e-001
 -2.8789234e-001
 -2.9942442e-001
 -1.0782729e-001
 -1.2059797e-002
 -3.7627858e-001
 -5.2334598e-001
 -4.8482915e-001
 -3.5426527e-001
 -5.2500117e-001
 -5.9767091e-001
 -7.3025380e-001
 -7.2584377e-001
 -6.7050055e-001
 -7.2423723e-001
 -6.1941082e-001
 -4.0507792e-001
  1.5291929e-001
  4.4579726e-001
  7.6135392e-001
  4.6895983e-001
  4.8556253e-002
 -4.0466698e-001
 -7.4587555e-001
 -5.3890390e-001
 -3.0375752e-001
  9.3346281e-002
  2.9780548e-001
  4.8758181e-001
  7.3760385e-001
  7.9759360e-001
  7.4641039e-001
  5.2708767e-001
  7.4236424e-002
 -2.5642308e-001
 -2.0848740e-001
  3.5036395e-001
  7.0293088e-001
  6.8813863e-001
  2.6473982e-001
  4.5699680e-002
  1.4073080e-001
  2.1047965e-001
  3.8412124e-001
  4.8618789e-001
  6.9277917e-001
  5.9784009e-001
  2.3643229e-001
 -1.0407107e-001
 -1.3122881e-002
  2.2872362e-001
  4.4575820e-001
  4.7488539e-001
 -1.1320980e-001
 -7.0086982e-001
 -7.3912637e-001
 -5.5876492e-001
 -3.0055627e-001
 -6.4980784e-001
 -9.7025863e-001
 -8.7797257e-001
 -3.0756364e-001
  5.7848232e-001
  3.7809814e-001
 -3.4410170e-001
 -6.9092835e-001
 -5.1918005e-001
 -6.3854717e-002
 -6.7225427e-002
 -3.4258150e-001
 -6.7303196e-001
 -7.5107168e-001
 -1.8677369e-001
  1.8682180e-001
  1.2848757e-001
 -4.3929352e-001
 -5.7544588e-001
 -6.7244606e-001
 -1.1418169e+000
 -1.2057626e+000
 -7.2309765e-001
 -2.6658291e-001
 -6.1719974e-002
  1.3444583e-001
  8.1871720e-002
 -4.2816510e-001
 -8.0101329e-001
 -8.9577339e-001
 -8.8648608e-001
 -4.1053137e-001
 -4.4969711e-002
 -3.1205740e-002
 -9.7392871e-003
  5.1498780e-002
  1.4555878e-001
  7.9534592e-002
  2.5141095e-001
  7.9593338e-001
  9.9101741e-001
  8.9114413e-001
  3.5292557e-001
  6.3469848e-002
 -3.9530040e-001
 -8.9634754e-001
 -9.5697505e-001
 -3.8127495e-001
  1.0159902e-001
  2.6978964e-001
  6.0088078e-001
  6.4850776e-001
  2.6199104e-001
 -4.1702832e-001
 -5.5302719e-001
 -1.2006578e-001
  6.6106285e-001
  1.1065950e+000
  7.6904989e-001
 -2.8147732e-002
 -5.3502741e-001
 -3.5628213e-001
 -1.8886336e-001
  1.6386876e-001
  3.8630472e-001
  6.2777009e-001
  9.6302755e-001
  1.0038767e+000
  7.0995526e-001
  3.1416664e-001
 -1.0899003e-001
 -8.2943558e-002
 -3.7553521e-002
  1.5595931e-001
  2.9482120e-001
  2.1432860e-001
 -7.9567535e-002
  1.2546625e-001
  3.2095349e-001
  2.2410100e-001
  3.4428900e-002
 -2.7078277e-001
 -6.1627061e-001
 -8.9172300e-001
 -8.4379829e-001
 -7.2690939e-001
 -5.3398064e-001
 -3.5357584e-001
 -1.1179864e-001
  4.1208554e-002
  1.0710173e-001
 -1.6601890e-001
 -2.6970488e-001
 -3.3065558e-001
 -7.3631804e-001
 -1.1438440e+000
 -1.1914788e+000
 -6.2318213e-001
  4.7640730e-001
  1.2015954e+000
  1.6482505e+000
  1.1084393e+000
  6.0651549e-001
  5.9181812e-001
  4.5392165e-001
  3.0085564e-002
 -4.3282067e-001
 -7.2635218e-001
 -8.7706611e-001
 -8.6596716e-001
 -5.0767661e-001
 -4.1132816e-001
 -4.0322788e-001
 -8.2028436e-002
  1.2079559e-001
  5.2431551e-001
  9.0429008e-001
  9.5220013e-001
  3.5686826e-001
 -2.5748762e-001
 -5.6759166e-001
 -1.2318902e-001
  9.2968966e-002
  1.4870232e-001
 -1.7797614e-001
 -8.3952761e-001
 -1.1957490e+000
 -1.1506724e+000
 -7.6101870e-001
 -1.3389751e-001
  5.2419795e-001
  8.9759081e-001
  6.3553961e-001
  1.4045455e-001
 -3.6953392e-001
 -6.3117425e-001
 -4.6154511e-001
 -2.7300876e-001
 -2.2108738e-001
 -1.9958852e-002
  2.9556869e-001
  3.6897020e-001
  1.1612600e-001
 -4.6927168e-001
 -3.4541875e-001
  2.4303823e-001
  5.3766401e-001
  3.0388920e-001
 -8.2193005e-002
 -2.9549460e-001
 -1.5958641e-001
 -1.0487213e-001
 -3.7675718e-002
  3.9326016e-002
 -1.3892861e-001
 -1.0133518e-001
 -6.4889146e-003
 -1.3874668e-001
 -3.6937160e-003
  1.2206766e-002
 -8.1620112e-002
 -2.0627900e-001
 -2.1529006e-002
  1.5666106e-001
  1.8574434e-001
  2.9564204e-001
  1.0434602e-001
 -2.3882332e-001
 -3.6585695e-001
 -6.1403029e-001
 -7.6925832e-001
 -9.5457646e-001
 -1.0124124e+000
 -8.2888908e-001
 -5.5862479e-001
 -1.7310042e-001
  2.9895326e-001
  7.5213388e-001
  5.3877052e-001
 -9.8398216e-002
 -3.7413949e-001
 -4.1811855e-001
 -2.7176193e-001
 -3.2255330e-001
 -6.7177649e-001
 -6.4844440e-001
 -5.6821425e-001
 -4.8280224e-001
 -3.7505578e-001
 -2.3057984e-001
 -2.3771723e-001
 -3.5232941e-001
 -1.5391465e-001
  5.8979615e-002
  2.9051876e-001
  5.7280971e-001
  1.7147750e-001
 -2.2964110e-001
 -4.6688819e-001
 -4.4049741e-001
  2.7276821e-002
  6.3901645e-001
  6.1203403e-001
  1.7081418e-001
 -6.9597810e-001
 -9.0481615e-001
 -3.7822136e-001
  1.4178022e-001
  2.4088243e-001
  7.2163433e-002
 -4.7779678e-002
 -3.9077373e-001
 -6.1773394e-001
 -7.5042966e-001
 -7.2075596e-001
 -5.9819894e-001
 -7.5866146e-001
 -6.9268725e-001
 -5.8831134e-001
 -4.5037333e-002
 -1.2418384e-001
 -5.2698976e-001
 -6.3845911e-001
 -2.1954386e-001
 -1.2531605e-001
 -1.6978377e-001
 -4.2449491e-001
 -8.4245618e-001
 -1.1890272e+000
 -9.1391123e-001
 -7.6509095e-001
 -7.3663776e-001
 -8.0316425e-001
 -5.1469737e-001
 -2.9226674e-001
 -1.8721124e-001
  7.8655165e-002
  1.3991030e-001
  1.2505240e-001
  2.0981896e-001
  2.0034980e-001
  3.1138240e-001
  9.1029331e-002
 -2.0420569e-001
 -2.0670056e-001
 -6.4247613e-003
  1.7583351e-001
  8.5187551e-002
  2.9812786e-001
  6.6323897e-001
  4.0073591e-001
 -3.1685121e-002
 -1.1558062e-001
 -7.9156736e-002
  8.6367979e-002
  1.5905038e-001
  9.3739548e-002
 -8.3943385e-002
 -2.4450579e-001
 -3.0583373e-001
 -3.2214808e-001
 -3.4840700e-001
 -6.4422502e-001
 -7.9399035e-001
 -5.2607051e-001
 -2.1765863e-001
 -1.7952018e-001
 -4.6246161e-001
 -1.1109076e+000
 -1.2348492e+000
 -7.3306599e-001
 -3.6734244e-001
 -1.2165152e-001
  1.8401414e-001
  1.9881012e-001
 -9.6990586e-002
 -1.2435888e-001
 -2.7240571e-001
 -2.0389931e-001
  2.4724757e-001
  3.6838149e-001
  6.2953152e-002
 -3.9154291e-001
 -4.5154739e-001
 -2.8509598e-001
 -3.6393534e-001
 -5.2459776e-001
 -5.9240517e-001
 -1.4048686e-001
  3.3271854e-001
  2.1451413e-001
 -1.9012322e-002
 -1.0580871e-001
  3.6387040e-001
  7.5457653e-001
  8.8159508e-001
  7.2464452e-001
  5.0990138e-001
  4.0078394e-001
  4.9538354e-001
  4.8413534e-001
  2.3237899e-001
 -1.1552754e-002
 -8.2245267e-002
 -2.7086905e-001
 -4.9176375e-001
 -5.2162647e-001
 -4.1665764e-001
 -4.0210902e-001
 -2.3023658e-001
 -1.7248709e-002
  1.1537746e-001
 -8.6097272e-002
 -1.5525340e-001
 -4.3078351e-001
 -6.5355705e-001
 -4.5267955e-001
  1.0762994e-002
  2.2104303e-001
  2.3975289e-001
 -7.9156687e-002
 -5.1390055e-001
 -6.8560887e-001
 -5.2991649e-001
 -1.2874595e-001
  5.6025265e-002
  8.9854293e-002
 -5.5216780e-002
 -6.1016929e-002
 -5.9222347e-002
  3.0807567e-001
  1.2340432e-001
 -1.8722858e-001
 -1.2843469e-001
  2.4510071e-001
  4.6351212e-001
  3.3012646e-001
 -1.4952463e-001
 -2.9536489e-001
 -2.5288302e-001
 -3.7435328e-002
 -2.2904015e-001
 -7.5958344e-001
 -1.0294849e+000
 -8.1002834e-001
 -3.0224802e-001
  3.8775642e-002
  3.2745036e-001
  4.2660587e-001
  1.1860137e-001
 -1.9822118e-001
 -6.4599439e-001
 -9.0408685e-001
 -1.1566465e+000
 -9.9720483e-001
 -5.9625759e-001
 -7.9538481e-002
 -1.1847498e-003
 -4.2769546e-001
 -9.9954365e-001
 -1.2012900e+000
 -1.1592857e+000
 -6.4774095e-001
 -4.4316293e-002
  1.0943007e-001
  4.2673621e-003
 -1.2383514e-001
 -1.9022299e-001
 -2.6749948e-001
 -3.2481770e-001
 -1.3975732e-001
  1.3020709e-001
  5.4782172e-001
  5.4259261e-001
  2.3010361e-001
 -3.5884984e-001
 -6.8721052e-001
 -1.0771148e+000
 -1.2986402e+000
 -6.8912797e-001
  6.2457057e-002
  1.3609792e-001
 -4.2160280e-001
 -5.0617701e-001
 -3.2297422e-001
 -2.2342055e-001
  5.9642077e-002
  1.5509632e-002
 -2.9527870e-001
 -3.4817154e-001
 -4.1880286e-002
  8.7081004e-002
  2.8698714e-001
  5.2176226e-002
 -2.6094803e-001
 -2.2588499e-001
 -1.1790505e-001
  2.2542215e-001
  6.4051220e-001
  1.0847011e+000
  1.0987287e+000
  8.3000239e-001
  2.2500863e-001
 -2.3651542e-001
 -3.1641606e-001
 -1.0229960e-001
  1.4546678e-001
  3.7696464e-002
  1.5285144e-001
  4.2388871e-002
 -2.2860166e-001
 -2.2597858e-001
 -3.3800311e-001
 -4.4334356e-001
 -4.9635102e-001
  7.9045486e-002
  6.4525368e-001
  9.7111160e-001
  6.2535581e-001
  6.7816267e-002
 -3.0291557e-001
 -3.8216720e-001
 -3.6527906e-001
 -6.7540185e-001
 -9.0571534e-001
 -6.4657077e-001
 -3.1256996e-001
  1.8840184e-001
  3.8109727e-001
  2.2491155e-001
 -2.8000105e-002
 -5.7308379e-001
 -6.3290266e-001
 -6.2734115e-001
 -3.7086879e-001
 -1.5544879e-001
 -3.3493655e-001
 -3.2171290e-001
 -4.1751020e-001
 -2.8438138e-001
 -2.0154477e-001
 -3.4334662e-002
  6.9453247e-002
  9.3451915e-002
 -1.3656122e-001
 -1.4271044e-001
 -1.0729596e-001
 -9.7465276e-002
 -2.3582165e-001
 -3.2253092e-001
 -4.3217790e-001
 -5.1143547e-001
 -5.1020633e-001
 -3.4815972e-001
 -3.2546147e-001
 -2.4703599e-001
 -3.6847892e-001
 -1.4952460e-001
  1.3690180e-001
  2.0520429e-001
  9.3814454e-002
 -2.5403502e-001
 -7.3638855e-001
 -1.1318746e+000
 -1.0596846e+000
 -7.9070779e-001
 -5.3620516e-001
 -6.2175809e-001
 -7.0085028e-001
 -4.3968281e-001
  1.2539252e-002
  1.1694093e-001
 -4.7770063e-002
 -1.5301263e-001
  1.6601562e-003
 -1.5147297e-001
 -3.2876966e-001
 -1.2281241e-001
 -1.3247503e-001
 -2.4294653e-001
 -4.9589853e-001
 -5.2381546e-001
 -1.7494078e-001
  7.9673752e-002
  3.8143705e-001
  4.1362569e-001
 -2.8485344e-002
 -3.4920144e-001
 -5.0550768e-001
 -6.2469617e-001
 -8.5515795e-001
 -1.2948377e+000
 -1.6120235e+000
 -1.6549793e+000
 -1.3287721e+000
 -9.7282849e-001
 -7.2073525e-001
 -4.8944066e-001
 -4.5719362e-001
 -3.7622584e-001
 -6.4931056e-001
 -9.8597990e-001
 -7.8841054e-001
 -3.3147305e-001
  3.0294352e-001
  5.9745636e-001
  4.3006846e-001
 -4.2607724e-001
 -1.2811436e+000
 -1.5085172e+000
 -1.2748128e+000
 -9.0965968e-001
 -4.7511027e-001
 -1.0479799e-001
  3.9193197e-001
  7.5238236e-001
  6.0624630e-001
  2.6906509e-001
 -6.0847112e-004
 -1.4572741e-003
  1.9031585e-001
  2.1173544e-001
  8.9098438e-002
  2.7885671e-001
  5.5821028e-001
  3.1948090e-001
  7.4396175e-002
  1.3678106e-001
  3.4189678e-001
  6.4441945e-001
  6.4401612e-001
  6.4712246e-001
  6.8154226e-001
  9.2461300e-001
  9.3857410e-001
  3.9215165e-001
 -1.4578340e-001
 -4.6567254e-001
 -2.8521341e-001
 -2.6826297e-002
  2.1181301e-001
  6.9441480e-004
  5.5935608e-002
  1.3099914e-001
 -1.0813097e-001
 -3.6043230e-001
 -6.7293470e-001
 -5.5852158e-001
 -2.5903654e-001
  1.3746727e-002
  2.6481080e-001
  2.7161463e-001
  2.1449024e-001
  4.4656992e-001
  2.7046633e-001
 -3.1282847e-001
 -1.0800274e+000
 -1.2035147e+000
 -7.5124464e-001
 -1.6007314e-001
  3.1089963e-001
  5.9951834e-001
  4.5326066e-001
  7.9897163e-002
  1.6519272e-001
 -9.3610970e-002
 -4.1544557e-001
 -4.8212630e-001
 -3.0978300e-001
 -1.6767116e-002
  2.6056779e-001
  2.8351200e-001
  4.1946472e-001
  7.1232039e-001
  9.7153053e-001
  1.1069587e+000
  1.2626968e+000
  1.1713063e+000
  9.9746912e-001
  6.0697790e-001
  4.8086862e-001
  4.1242351e-001
  5.8081329e-001
  6.7277996e-001
  3.2561933e-001
  2.7590472e-002
 -2.5498136e-001
 -4.4138912e-001
 -7.5553536e-002
  3.9056391e-001
  3.0507022e-001
 -6.7596561e-001
 -1.6169259e+000
 -1.7370948e+000
 -9.8333933e-001
 -1.8247352e-002
  4.0864940e-001
  3.8287126e-001
  9.0368902e-002
 -1.8466955e-001
 -3.7844666e-001
 -8.0493423e-001
 -8.4111439e-001
 -6.7453690e-001
 -3.0164676e-001
 -7.0540589e-002
 -3.8511921e-002
 -1.7548132e-001
 -3.1718319e-001
 -3.8306544e-001
 -4.5214888e-001
 -6.5975392e-001
 -6.7378065e-001
 -4.9929132e-001
 -6.3572169e-001
 -6.5942424e-001
 -5.3482309e-001
 -5.1806610e-001
 -4.9451364e-001
 -3.7334940e-001
 -3.0996263e-002
  9.6969672e-002
  1.8477699e-001
 -1.5210069e-001
 -7.8968803e-001
 -8.9925592e-001
 -5.0556295e-001
 -1.2008196e-001
 -1.0359368e-001
 -3.8923492e-001
 -5.9461101e-001
 -5.4381016e-001
 -3.8464806e-001
  2.6410308e-001
  7.8053010e-001
  8.6580326e-001
  7.0126232e-001
  2.8045089e-001
 -3.0067086e-002
  7.0789874e-003
  4.0194992e-001
  5.4775654e-001
  3.4472437e-001
  2.1371301e-001
 -8.3118176e-002
 -1.9867087e-001
 -1.8654645e-005
  3.3080787e-003
 -3.0248849e-001
 -5.9137190e-001
 -3.4116608e-001
  7.4645532e-002
  4.2501369e-001
  8.2189865e-001
  8.8983970e-001
  4.2242326e-001
 -2.8091931e-001
 -5.7131761e-001
 -4.1235108e-001
  2.0070504e-001
  6.4742277e-001
  8.2578957e-001
  8.9061777e-001
  9.9693457e-001
  1.1579693e+000
  8.7878760e-001
  2.6919335e-001
 -5.0749003e-001
 -5.5901960e-001
 -2.3595474e-001
  8.7995786e-002
  3.0657267e-001
  4.1965296e-001
  2.9326205e-001
  3.9598888e-001
  7.7518993e-001
  1.2139598e+000
  1.0483412e+000
  7.5261440e-001
  3.9679557e-001
  1.6743261e-001
  2.7781520e-001
  7.7874188e-002
 -1.3987699e-001
 -1.6939995e-001
 -2.0731238e-001
  6.3083529e-002
  4.1005278e-001
  2.5797450e-001
 -1.0839185e-001
 -2.6871555e-001
 -5.1460560e-001
 -4.2083645e-001
 -1.0911851e-001
  3.8611857e-002
 -1.1830920e-001
 -2.1577089e-001
 -1.3370454e-001
 -4.7865046e-002
  3.5220361e-002
 -6.9850531e-002
 -2.2308607e-001
 -3.9830015e-001
 -7.8954678e-001
 -1.1970830e+000
 -1.2634009e+000
 -9.5628461e-001
 -2.6945881e-001
  2.4970194e-001
  2.7760884e-001
  2.1864967e-001
  3.1436187e-001
  4.7917362e-001
  1.8553905e-001
 -3.8797623e-001
 -1.0649173e+000
 -1.1194427e+000
 -6.6185317e-001
  1.3267652e-002
  3.3305002e-001
  5.5242029e-002
  1.8586227e-002
  2.6583688e-001
  4.7003709e-001
  2.7651728e-001
  4.1860429e-001
  6.3241444e-001
  6.5784118e-001
  8.0291662e-001
  5.4452463e-001
  3.2851800e-001
 -2.2447401e-001
 -5.1077894e-001
 -2.4339381e-001
 -8.5109124e-002
 -2.0814520e-001
 -6.8854414e-001
 -9.7552979e-001
 -1.1119442e+000
 -7.4454528e-001
 -2.9200222e-001
  1.3890634e-001
  1.0580881e-001
  1.2700740e-001
  7.7971959e-003
  1.1543538e-001
  4.3780288e-001
  4.0375227e-001
  3.8809595e-002
  6.4297756e-002
  3.1771133e-001
  4.2619465e-001
  1.5075908e-001
 -1.9515296e-001
 -1.4710236e-001
  1.5008111e-001
  5.1058261e-001
  7.2744834e-001
  8.5214793e-001
  7.3257669e-001
  5.6241344e-001
  4.6496193e-001
  1.9704048e-001
  4.0536084e-002
 -1.2270251e-002
 -1.1295212e-001
 -8.2932133e-002
  2.5031937e-002
 -1.4917402e-001
 -1.3621269e-001
  4.1533284e-002
  2.2961418e-001
  2.3675452e-001
 -1.6453573e-001
 -5.1261857e-001
 -5.3262000e-001
 -2.6811843e-001
  2.0128438e-001
  4.0719942e-001
  4.6165782e-001
 -1.1228090e-001
 -3.1662631e-001
 -5.8616216e-002
  3.8971146e-002
  2.2351064e-001
  4.6688589e-001
  2.3766120e-001
 -1.0603532e-002
  2.0543129e-001
  2.6675284e-001
  5.0824264e-001
  6.7841216e-001
  3.3797321e-001
 -2.7142319e-001
 -6.1460646e-001
 -4.9414461e-001
 -8.4353358e-002
  1.8954679e-001
  2.1185717e-001
  2.4903526e-001
  2.6617242e-001
  8.9311877e-002
 -7.6953753e-002
  1.0881199e-001
  3.6958684e-001
  6.3981204e-001
  7.4126444e-001
  5.5612896e-001
  1.5758369e-003
 -2.8983717e-001
 -5.3052590e-001
 -9.7257151e-001
 -1.2178003e+000
 -8.5838116e-001
 -5.2448553e-001
 -3.6040753e-001
 -4.5159274e-001
 -5.1785162e-001
 -4.5212201e-001
 -5.4670165e-001
 -2.0665053e-001
  2.5695222e-001
  4.2109946e-001
  2.6560013e-002
 -3.4527034e-001
 -1.8515097e-001
  1.5158323e-001
  3.3548357e-001
  3.8371814e-001
  2.0958355e-001
 -1.4027480e-001
 -6.4705315e-002
 -2.2725826e-002
  3.1328925e-001
  5.1642406e-001
  7.7472086e-001
  6.5456048e-001
  1.9228816e-001
 -3.2865204e-001
 -8.0106424e-001
 -8.8192276e-001
 -6.5158043e-001
 -1.3046734e-001
 -7.1017418e-002
 -2.5642868e-001
 -9.4619039e-002
  1.3170527e-001
  4.4452666e-002
 -2.1001605e-002
  2.9985282e-001
  3.8293090e-001
 -1.0190313e-001
 -2.8161332e-001
 -1.5381196e-001
 -1.3476350e-001
 -1.7661378e-001
 -1.4254153e-001
 -2.5478976e-001
 -6.2325920e-001
 -3.7111202e-001
 -3.0348495e-001
  7.0711215e-002
  4.6755152e-001
  5.2846801e-001
  1.0522306e-001
 -5.4242297e-001
 -8.0733715e-001
 -1.0650892e+000
 -8.9780090e-001
 -6.6125859e-001
 -2.9355806e-001
  8.3489771e-002
  2.4964921e-001
 -1.0236237e-001
 -1.1808440e-001
  2.4281630e-001
  4.3079884e-001
  6.3230827e-001
  7.5632777e-001
